5.37
5.56
5.57
5.20
4.84
4.64
4.31
3.53
3.35
3.23
3.31
3.33
3.44
3.54
3.87
3.88
4.11
4.07
3.91
3.93
3.71
3.63
3.78
4.10
4.84
5.03
4.78
4.55
4.24
3.76
3.41
2.77
2.79
2.55
2.33
2.32
2.47
3.15
3.56
3.77
4.09
4.08
4.12
4.17
4.19
4.25
4.36
4.58
5.35
5.49
5.51
5.04
4.16
3.45
2.74
2.14
2.20
2.24
2.22
2.13
2.93
3.74
4.21
4.54
4.75
5.06
5.17
5.28
5.24
5.31
5.33
5.54
5.88
6.06
6.12
5.86
4.82
4.10
3.36
2.62
2.31
2.27
2.31
2.67
3.70
4.25
4.51
4.48
4.52
4.49
4.54
4.44
4.47
4.60
4.80
5.11
5.46
5.73
5.75
5.79
5.29
4.51
4.11
3.97
3.88
3.77
3.72
3.80
4.29
5.25
5.21
4.78
4.60
4.36
4.15
3.89
3.88
3.89
4.07
4.40
4.81
4.94
4.94
4.87
4.29
4.17
3.70
3.15
2.96
2.93
3.18
3.98
4.51
5.24
5.45
5.13
4.57
4.27
4.10
3.94
3.36
3.23
3.35
3.48
3.92
4.13
4.21
4.20
4.00
3.64
3.37
3.18
3.50
3.56
3.59
3.91
4.12
4.58
4.56
4.51
4.53
4.50
4.39
4.11
3.88
3.95
3.89
4.00
4.29
4.43
4.47
4.53
4.40
4.00
3.68
2.90
2.86
2.85
2.90
2.93
3.11
3.44
4.23
4.47
4.49
4.68
4.65
4.52
4.64
4.80
4.84
4.97
5.18
5.09
4.96
4.93
4.49
4.17
3.67
3.35
3.28
3.24
3.32
3.76
4.12
4.85
5.03
4.82
4.48
4.02
3.91
3.86
3.81
3.51
3.56
3.74
4.26
4.46
4.46
4.40
4.23
4.02
3.72
3.29
3.25
3.36
3.71
4.04
4.53
5.10
5.01
4.77
4.68
4.30
3.74
3.15
2.89
2.91
2.98
3.16
3.85
4.06
4.09
4.09
3.79
3.49
3.49
3.43
3.40
3.44
3.50
3.97
4.43
4.55
4.55
4.57
4.62
4.45
3.99
3.77
3.57
3.47
3.46
3.71
4.26
4.25
4.27
4.08
3.72
3.46
3.15
2.70
2.17
2.06
2.06
2.03
2.32
3.32
3.68
3.95
4.14
4.09
4.05
3.84
3.88
3.96
4.25
4.52
4.86
5.05
5.04
5.00
4.82
4.57
4.13
3.77
3.72
3.48
3.32
3.35
3.92
4.58
4.81
4.74
4.70
4.82
4.64
4.62
4.56
4.38
4.38
4.53
4.62
4.67
4.64
4.65
4.35
3.91
3.65
3.07
2.82
2.75
2.75
3.06
3.29
3.50
3.86
4.02
3.99
3.75
3.46
3.01
2.61
2.15
2.14
2.60
3.76
4.24
4.32
4.34
4.33
4.00
3.69
3.42
3.47
3.51
3.66
3.88
4.20
4.50
4.66
4.54
4.17
4.03
3.61
3.09
2.64
2.45
2.31
2.47
3.42
3.80
3.76
3.65
3.67
3.43
3.45
3.55
3.60
3.71
3.87
3.92
4.38
4.88
5.12
5.12
5.10
4.50
4.37
3.88
3.79
3.74
3.80
4.18
4.49
4.50
4.58
4.42
4.19
3.78
2.94
2.43
2.35
2.38
2.49
2.82
4.03
4.85
4.97
4.93
4.76
4.53
4.34
4.28
4.35
4.41
4.61
4.72
5.17
5.60
5.70
5.55
5.04
4.37
3.80
3.73
3.76
3.77
3.73
4.03
4.89
5.41
5.38
5.42
5.34
5.07
4.98
4.97
4.72
4.84
4.88
4.98
5.56
5.63
5.57
5.20
4.86
4.45
3.54
3.18
2.97
2.79
2.80
3.33
3.80
4.91
4.99
4.94
5.07
5.06
4.94
4.53
4.53
4.55
4.59
4.81
5.19
5.36
5.37
5.37
5.13
4.65
4.48
4.28
4.21
4.22
4.18
4.35
4.59
5.34
5.23
5.19
5.05
4.75
4.40
4.02
3.71
3.53
3.43
3.46
4.08
4.54
4.53
4.53
4.53
4.43
4.30
4.21
4.20
4.22
4.36
4.32
4.70
4.97
5.06
5.06
4.69
4.48
4.09
3.56
3.11
2.85
2.80
3.33
4.31
4.64
4.66
4.70
4.35
4.25
4.08
3.86
3.68
3.67
3.53
3.67
3.70
3.70
3.99
4.61
4.57
4.59
4.47
4.43
4.37
4.37
4.28
4.58
4.98
4.98
5.02
5.03
4.53
4.36
3.84
3.34
3.26
3.26
3.30
3.70
4.25
4.74
4.80
4.62
4.40
4.30
4.08
3.86
3.75
3.81
3.83
3.96
4.23
4.35
4.54
4.54
4.55
4.23
4.03
3.92
3.96
4.19
4.46
4.76
4.99
4.90
4.78
4.72
4.15
3.57
3.14
2.72
2.80
2.83
2.84
2.97
3.87
4.38
4.42
4.53
4.34
4.01
3.71
3.57
3.50
3.54
3.63
3.82
3.95
4.40
4.50
4.45
4.10
4.08
4.23
4.18
4.18
4.20
4.18
4.28
4.36
4.57
4.65
4.67
4.67
4.32
3.99
3.75
3.73
3.68
3.70
3.83
4.07
4.50
4.77
4.70
4.50
4.26
4.14
4.05
3.85
3.91
3.91
4.08
4.33
4.50
4.48
4.30
4.25
4.17
3.93
3.88
3.90
3.97
4.03
4.16
4.52
5.05
5.01
4.62
4.31
4.10
4.06
3.70
3.18
2.97
2.90
3.43
4.34
4.63
4.61
4.62
4.39
4.26
4.23
4.27
4.32
4.53
4.58
4.59
4.72
5.11
5.42
5.26
4.66
4.62
4.38
3.84
3.71
3.75
3.77
4.11
4.49
4.56
4.60
4.60
4.48
4.32
3.85
3.51
3.26
3.23
3.41
3.60
4.09
4.62
4.73
5.07
5.14
5.13
5.10
5.20
5.25
4.98
5.05
5.22
5.36
5.46
5.29
5.04
4.71
3.91
3.17
2.98
3.00
3.04
3.08
3.25
3.84
4.70
5.09
5.09
4.98
4.65
4.64
4.59
4.44
4.47
4.46
4.53
4.63
5.04
4.78
4.57
4.58
4.24
3.55
3.05
2.94
2.87
2.88
2.99
3.43
4.43
4.87
4.85
4.81
4.58
4.40
4.36
4.36
4.29
4.32
4.44
4.71
4.87
4.72
4.44
4.18
3.73
3.55
3.31
3.03
2.94
2.93
3.11
3.52
4.33
4.73
4.81
4.81
4.57
4.49
4.13
4.02
4.04
4.05
4.13
4.21
4.23
4.06
4.11
4.00
3.34
2.94
2.75
2.57
2.57
2.63
2.85
3.42
4.12
4.41
4.40
4.31
4.19
4.02
3.92
3.81
3.79
3.85
3.99
4.19
4.24
4.26
4.20
3.83
3.12
2.61
2.38
2.38
2.41
3.09
4.10
4.53
5.02
4.78
4.66
4.51
4.04
3.98
3.94
3.90
3.96
3.71
3.72
4.07
4.56
4.53
4.37
4.15
3.89
3.48
3.25
3.28
3.42
3.55
4.06
4.28
4.63
4.80
5.12
5.07
4.29
4.14
3.64
3.33
3.07
2.98
3.26
3.89
4.44
4.52
4.57
4.51
4.27
4.03
4.04
4.23
4.02
4.16
4.51
4.74
4.82
4.83
4.76
4.66
4.56
4.09
3.47
3.22
3.01
2.85
2.96
3.48
4.16
4.17
4.16
4.05
4.02
3.83
3.84
3.82
4.01
4.13
4.63
5.19
5.39
5.31
5.50
5.32
4.75
4.58
4.02
3.66
3.33
3.38
3.77
4.39
4.77
4.82
4.88
4.77
4.47
3.96
3.85
3.66
3.71
3.90
4.43
4.89
5.32
5.61
5.23
4.83
4.75
4.36
4.19
3.92
3.80
3.61
3.93
4.58
4.70
4.80
4.79
4.58
4.46
4.12
3.82
3.68
3.37
3.57
4.10
4.83
5.64
5.83
5.84
5.74
5.67
5.35
5.12
5.14
5.22
5.31
5.36
5.60
5.71
5.73
5.25
4.69
4.12
3.44
3.29
3.26
3.30
3.33
3.53
4.46
5.36
5.73
5.47
5.05
4.81
4.74
4.50
4.50
4.29
4.34
4.79
5.31
5.48
5.53
5.26
4.86
4.36
3.63
3.31
2.96
2.91
3.06
3.58
4.77
5.34
5.45
5.52
4.98
4.43
4.15
3.73
3.52
3.06
3.01
3.52
4.30
4.55
4.69
4.64
4.46
4.08
3.96
3.72
3.64
3.63
3.73
4.08
4.33
4.83
5.10
5.20
5.21
5.14
4.60
3.96
3.66
3.67
3.67
4.16
4.72
4.92
4.93
4.95
4.51
4.06
3.42
3.18
3.01
2.87
3.08
3.48
3.96
4.20
4.48
4.55
4.52
4.24
3.97
3.55
3.20
3.03
3.04
3.16
3.73
4.25
4.32
4.27
4.06
3.85
3.66
3.42
3.49
3.63
3.86
4.29
4.49
4.99
4.86
4.43
4.31
4.26
4.17
3.87
3.59
3.45
3.30
3.35
3.74
4.23
4.20
4.15
4.04
4.04
3.40
3.23
3.23
3.30
3.66
4.50
4.78
5.31
5.38
5.54
5.25
5.20
4.73
4.29
4.27
4.33
4.37
4.57
4.94
5.35
5.34
5.40
5.24
4.52
4.25
3.75
3.16
3.07
3.09
3.43
4.54
5.16
5.09
4.88
4.84
4.55
4.51
4.41
4.15
4.18
4.27
4.44
4.81
5.17
5.42
5.24
4.55
4.09
3.66
3.39
3.42
3.46
3.53
3.59
4.39
4.85
4.87
4.90
4.84
4.43
4.43
4.41
4.41
4.47
4.72
4.85
5.07
5.05
5.09
5.19
4.74
3.93
3.26
3.12
2.97
2.94
2.93
3.17
4.17
4.61
4.62
4.62
4.64
4.44
4.32
4.05
3.86
3.74
3.75
3.96
4.34
4.69
4.56
4.56
4.37
4.08
3.66
3.40
3.42
3.46
3.45
3.64
4.16
4.50
4.62
4.46
4.20
4.10
4.24
3.94
3.46
3.26
3.33
3.37
3.68
4.23
4.31
4.33
4.24
4.33
4.36
4.24
4.40
4.26
4.26
4.40
4.42
4.83
5.43
5.54
5.14
5.02
4.51
4.02
3.99
3.82
3.62
4.18
4.94
5.37
5.50
5.60
5.19
4.59
4.29
3.88
3.87
3.90
3.88
3.86
4.43
5.39
5.55
5.53
5.64
5.61
5.50
5.39
5.25
5.04
5.08
5.18
5.61
5.82
5.91
5.45
4.97
4.56
3.97
3.69
3.72
3.75
3.77
3.87
4.53
5.36
5.49
5.40
5.25
4.97
4.86
4.77
4.72
4.51
4.64
5.05
5.31
5.60
5.64
5.28
4.84
4.40
4.14
3.64
3.67
3.73
3.83
3.92
4.33
4.99
5.06
5.08
5.09
5.13
5.16
5.11
5.11
5.16
5.14
5.31
5.62
5.93
5.95
5.57
5.42
5.14
4.67
4.01
3.89
3.89
3.89
4.02
4.11
5.04
5.03
5.08
5.18
5.09
5.05
5.22
5.17
5.45
5.46
5.49
5.52
5.73
5.85
5.94
5.45
5.00
4.78
3.99
3.93
3.57
3.56
3.53
4.29
4.89
5.09
5.28
5.29
5.23
5.25
5.15
5.22
5.12
5.09
5.21
5.47
5.46
5.49
5.41
5.41
5.36
5.00
4.57
4.34
4.19
3.88
3.87
4.09
4.45
4.73
5.11
5.28
5.24
5.48
5.47
5.54
5.25
5.32
5.42
5.43
5.38
5.40
5.21
4.98
4.81
4.75
4.56
4.41
4.26
3.99
4.13
4.23
4.29
4.75
5.00
5.06
5.22
5.21
5.20
5.26
5.16
4.95
4.93
5.21
5.72
5.85
5.92
5.55
5.35
4.72
4.46
4.21
3.90
3.75
3.87
4.89
5.24
5.37
5.50
5.28
4.95
4.61
4.60
4.58
4.57
4.51
4.70
5.36
5.87
5.84
5.33
5.16
4.83
3.88
3.58
3.55
3.56
3.52
3.72
4.60
5.37
5.38
4.95
4.80
4.72
4.41
4.28
4.30
4.29
4.41
4.98
5.54
5.82
5.89
5.30
4.97
4.40
3.61
3.51
3.50
3.49
3.45
3.56
4.34
5.18
5.20
4.88
4.79
4.91
4.95
5.14
5.28
5.06
5.04
5.10
5.09
5.23
5.33
5.49
5.00
4.74
4.17
3.94
3.76
3.50
3.53
3.46
3.97
4.63
5.08
5.23
5.20
5.35
5.03
5.07
5.01
4.67
4.71
5.09
5.36
5.52
5.55
5.21
4.88
4.81
4.80
4.49
4.22
4.09
4.09
4.12
4.39
4.85
5.06
5.17
5.38
5.29
4.96
4.58
4.33
4.36
4.38
4.50
4.74
5.22
5.29
5.35
5.09
4.68
4.20
3.91
3.63
3.66
3.75
3.96
4.02
4.59
5.03
5.15
5.14
4.80
4.68
4.61
4.61
4.59
4.65
5.21
6.02
6.03
6.08
6.07
5.86
5.16
5.01
4.99
5.01
5.10
5.26
5.53
5.55
5.43
5.33
5.15
5.00
4.87
4.58
4.52
4.28
4.13
4.29
4.99
5.54
5.88
5.92
6.06
5.62
4.89
4.09
3.68
3.69
3.68
3.95
4.43
5.14
5.53
5.49
5.05
4.93
4.82
4.70
4.59
4.59
4.93
4.95
5.14
5.39
5.67
5.67
5.24
4.82
4.69
4.38
4.33
3.96
3.59
3.51
3.62
4.35
4.85
4.89
4.87
4.78
4.78
4.75
4.68
4.59
4.65
4.72
4.93
5.10
5.54
5.67
5.70
5.57
4.92
4.25
3.82
3.84
3.85
3.83
3.93
4.60
5.00
4.95
4.94
4.73
4.68
4.67
4.64
4.59
4.69
4.73
4.82
4.91
5.33
5.69
5.74
5.47
5.06
4.63
4.40
3.89
3.91
3.72
3.77
4.09
4.75
5.06
4.94
4.79
4.83
4.57
4.43
4.39
4.46
4.50
4.67
4.82
4.94
4.86
4.93
4.80
4.59
4.27
3.63
3.37
3.41
3.38
3.48
4.23
4.75
4.86
5.00
5.01
5.06
4.74
4.60
4.21
4.28
4.27
4.36
4.64
5.22
5.41
5.37
5.09
4.83
4.37
4.26
4.29
4.44
4.71
4.85
4.78
4.82
4.93
4.72
4.68
4.79
4.77
4.32
4.09
4.01
3.98
4.22
4.57
4.96
5.04
5.06
4.72
4.28
4.16
4.16
3.89
4.00
4.03
4.07
4.27
4.31
4.55
4.83
4.78
4.70
4.54
4.49
4.51
4.52
4.63
4.72
4.95
4.89
4.68
4.40
3.73
3.14
2.97
2.96
2.98
3.06
3.17
3.34
4.19
4.58
4.52
4.20
4.17
4.18
4.07
3.54
3.21
3.07
3.35
4.00
4.47
5.00
5.12
4.88
4.31
3.94
3.90
3.88
3.96
4.11
4.46
4.57
4.99
4.86
4.75
4.88
4.94
4.95
4.46
3.82
3.07
3.00
3.11
3.23
3.77
4.57
4.76
4.78
4.63
4.22
4.27
4.33
4.33
4.46
4.59
5.04
4.83
4.66
4.71
4.51
4.27
3.82
3.47
3.29
3.11
3.15
3.31
3.32
3.87
4.43
4.48
4.53
4.50
4.45
4.51
4.19
4.21
4.47
4.56
4.71
5.05
5.09
4.75
4.58
4.65
4.62
4.69
4.19
4.11
4.05
4.07
4.46
5.02
5.18
5.29
4.93
4.26
3.45
3.18
3.20
3.24
3.25
3.34
4.17
4.45
4.72
4.69
4.92
4.89
4.89
4.81
4.50
4.35
3.97
4.04
4.27
4.77
5.18
5.30
5.27
5.12
4.63
4.19
3.91
3.97
3.95
4.06
4.38
4.71
4.83
4.55
4.30
4.34
4.01
3.63
3.15
3.11
3.13
3.19
3.33
3.74
4.36
4.26
4.27
4.24
4.00
3.68
3.53
3.50
3.50
3.66
3.87
4.13
4.40
4.40
4.29
3.88
3.40
3.14
3.03
2.92
2.82
2.88
3.02
3.56
4.51
4.69
4.28
4.03
3.63
3.55
3.53
3.58
3.85
3.93
4.27
4.41
4.37
4.11
3.69
3.54
3.51
3.30
2.55
2.38
2.41
2.54
2.71
3.63
4.02
3.95
3.99
3.84
3.73
3.54
3.52
3.48
3.74
4.09
4.38
4.23
4.16
3.98
3.63
3.44
3.30
3.30
3.21
3.18
3.18
3.27
3.38
3.61
3.81
3.83
3.78
3.52
3.40
2.91
2.40
2.35
2.35
2.51
3.78
4.72
4.83
4.87
4.74
4.57
4.48
4.42
4.24
3.87
3.84
3.87
3.90
4.17
4.21
3.98
3.49
3.26
3.16
2.66
2.36
2.40
2.42
2.48
3.32
3.77
3.93
3.99
4.01
3.96
4.03
4.14
4.32
4.41
4.51
4.60
4.65
4.98
4.91
4.97
4.28
3.72
3.38
2.50
2.12
2.04
2.05
2.07
2.59
3.38
3.69
3.80
3.85
3.92
3.93
4.11
4.09
4.31
4.31
4.48
4.99
5.29
5.21
5.26
4.99
4.10
3.42
3.08
2.66
2.69
2.43
2.24
2.27
2.59
3.00
3.50
3.78
4.16
4.78
5.13
5.09
5.03
5.05
5.06
5.01
5.15
5.06
4.81
4.35
3.91
3.33
2.87
2.63
2.69
2.68
2.85
2.84
2.87
3.19
3.32
3.42
3.74
3.75
3.90
3.81
4.00
4.53
5.07
5.24
5.54
5.79
5.64
5.39
4.77
4.04
3.09
2.72
2.73
2.79
2.76
3.45
4.23
4.25
4.15
4.01
3.97
3.98
4.13
4.18
4.26
4.63
4.77
5.05
5.40
5.42
4.87
4.23
3.76
2.88
2.26
2.10
2.02
2.05
2.25
3.32
4.14
4.24
4.16
4.06
3.80
3.61
3.52
3.70
3.72
3.82
3.91
4.19
4.61
4.88
4.96
4.69
3.81
2.81
2.00
1.90
1.89
1.91
2.96
4.11
4.89
4.89
4.29
3.92
3.29
3.09
2.98
2.82
2.60
2.60
2.76
3.38
3.99
4.31
4.31
4.05
3.44
2.84
2.53
2.36
2.35
2.51
2.86
3.97
4.77
4.72
4.27
3.43
3.12
2.82
2.82
2.74
2.70
2.71
2.94
3.63
4.35
4.45
4.51
3.88
3.09
2.47
1.95
2.00
2.00
1.99
1.97
2.33
3.53
4.04
4.10
4.02
3.93
3.80
3.77
3.46
3.42
3.67
3.83
3.78
3.79
3.73
3.71
3.37
3.06
2.92
2.87
2.80
2.23
2.03
2.09
2.16
2.30
2.30
3.14
3.28
3.49
3.51
3.44
3.25
3.08
3.44
3.60
3.93
4.17
3.97
4.01
3.84
3.41
2.67
2.25
1.99
2.01
1.99
2.10
2.46
3.09
3.77
3.80
3.76
3.52
2.99
2.74
2.63
2.68
2.76
2.80
3.55
4.14
4.46
4.54
4.13
3.40
2.57
2.07
2.04
2.10
2.04
2.36
3.27
3.89
3.98
4.00
3.90
3.82
3.68
3.51
3.10
3.19
3.24
3.50
3.75
3.90
4.04
4.30
3.95
3.38
3.06
2.47
2.07
1.97
1.97
1.97
2.27
3.05
3.49
3.55
3.61
3.23
3.19
3.13
3.31
3.49
3.91
4.31
4.49
4.54
4.51
4.32
4.00
3.37
3.01
2.59
1.91
1.93
1.94
1.98
2.11
2.60
3.08
3.03
3.13
3.60
3.69
3.69
3.87
3.98
4.02
4.20
4.33
4.28
4.26
4.14
3.37
3.06
2.06
2.00
2.04
2.05
2.06
2.01
2.20
3.32
3.89
4.27
4.62
4.61
4.77
4.41
4.21
4.19
4.19
4.30
4.30
4.23
4.48
4.56
4.15
3.48
2.97
2.20
1.99
2.00
2.00
1.98
2.72
3.49
3.62
3.97
4.04
3.99
3.98
3.74
3.56
3.61
3.61
3.84
4.06
4.33
4.38
4.45
3.62
3.17
3.04
2.05
1.97
1.99
1.99
1.97
1.92
2.82
3.42
3.81
4.22
4.33
4.28
3.94
3.73
3.51
3.49
3.57
3.86
4.10
4.10
4.05
3.62
2.98
2.13
2.04
1.95
1.96
1.95
1.94
2.25
2.75
3.39
3.77
3.75
3.81
3.62
3.38
3.09
3.01
3.01
3.02
3.19
3.60
3.97
4.06
3.92
3.01
2.36
2.01
2.06
2.04
2.00
1.91
3.07
4.00
4.35
4.16
3.67
3.38
3.37
3.29
3.02
2.88
2.94
3.25
3.55
4.08
4.39
4.36
3.83
3.08
2.72
2.03
1.98
2.00
1.96
2.07
3.35
4.24
4.43
4.30
3.72
3.33
2.97
2.83
2.77
2.73
2.79
3.13
3.28
3.60
3.64
3.62
3.19
2.83
2.67
2.01
2.04
2.04
2.02
1.98
2.62
3.48
3.54
3.28
2.90
2.55
2.41
2.35
2.57
2.81
3.04
3.58
3.75
3.94
3.98
3.86
3.22
2.70
2.14
2.02
2.06
2.08
2.07
2.00
2.39
3.06
3.41
3.31
3.19
3.15
3.14
3.10
3.24
3.29
3.39
3.50
3.66
3.71
3.85
3.86
3.76
2.98
2.76
1.96
2.00
2.04
2.02
1.99
1.91
2.43
2.71
2.65
2.71
2.93
2.97
3.38
3.69
3.80
3.81
3.58
3.76
4.01
3.82
3.69
3.10
2.73
2.51
2.04
1.94
1.99
1.99
1.99
1.96
1.90
1.83
1.78
1.76
1.76
1.80
2.18
2.69
3.07
3.28
3.63
3.74
3.56
3.21
3.15
2.50
2.43
2.33
2.48
2.10
2.03
2.06
2.06
2.03
1.97
2.10
2.48
2.82
2.89
2.83
2.92
2.88
3.13
3.29
3.41
3.57
3.84
3.59
3.62
3.35
2.77
2.37
2.04
2.06
2.05
2.02
2.34
3.00
3.37
3.18
2.91
2.84
2.78
2.41
2.42
2.29
1.99
1.95
2.19
2.62
3.33
3.75
4.00
3.28
2.73
2.24
1.98
2.01
2.01
2.01
1.95
2.57
2.92
2.82
2.84
2.64
2.12
2.01
2.19
2.63
2.72
2.75
2.88
3.40
3.61
3.56
3.28
2.88
2.56
2.46
6.08
2.58
2.11
2.07
2.49
2.54
2.72
2.59
2.45
2.46
2.20
2.07
2.40
2.74
2.94
3.24
3.63
3.70
3.71
3.60
3.46
2.87
2.50
2.47
2.56
2.11
2.08
2.08
2.04
1.94
2.22
2.13
2.12
1.99
2.21
2.36
2.55
2.93
3.20
3.44
3.59
3.60
3.60
3.52
3.10
2.52
2.38
2.15
1.95
2.00
2.02
2.02
1.99
1.93
1.88
2.19
2.54
2.77
3.07
3.18
3.44
3.69
3.78
3.86
3.96
3.96
3.81
3.60
3.19
2.54
2.19
1.90
1.97
2.01
2.02
2.03
2.02
1.97
1.92
1.96
2.30
2.39
2.50
2.50
2.46
2.51
2.59
2.62
2.77
2.96
3.10
3.12
3.01
2.81
2.45
2.34
1.89
1.91
1.91
1.90
1.89
1.88
2.28
2.54
2.52
2.84
2.66
2.51
2.08
1.87
1.92
1.87
1.96
2.11
2.48
2.99
3.16
2.77
2.51
2.30
2.24
2.22
2.32
2.33
2.53
3.45
4.26
4.16
3.81
3.60
3.15
2.87
2.52
2.44
2.30
2.30
2.33
2.51
2.60
3.03
3.38
3.10
2.38
2.34
1.92
1.94
1.94
2.05
2.38
3.39
4.17
4.01
3.89
3.86
3.60
3.06
2.93
2.67
2.58
2.53
2.59
2.86
3.06
3.40
3.56
3.04
2.36
1.86
1.92
1.93
1.93
1.92
1.87
2.02
3.14
3.82
3.88
3.72
3.34
3.08
3.00
2.80
2.79
2.92
3.22
3.61
4.03
3.89
3.85
3.11
2.48
1.86
1.90
1.90
1.90
1.88
1.87
2.18
3.17
3.71
3.97
3.86
3.79
3.48
3.21
3.25
3.41
3.31
3.39
3.73
3.97
3.96
3.85
3.33
2.83
2.75
2.41
2.02
1.88
1.88
1.86
2.36
2.93
3.03
3.21
3.25
3.35
3.25
3.42
3.64
3.47
3.45
3.43
3.48
3.71
3.64
3.52
2.97
2.40
2.23
1.95
1.90
1.94
1.97
1.95
1.92
1.90
2.16
2.52
2.71
2.90
3.02
3.13
3.52
3.61
3.67
3.81
4.01
4.04
4.32
4.23
3.79
3.36
2.72
2.38
1.92
1.95
1.96
1.96
1.94
2.09
2.52
2.67
2.62
2.60
2.64
2.87
3.01
3.08
3.30
3.48
3.62
3.66
3.71
3.86
3.70
3.29
3.12
2.65
2.33
2.04
2.06
2.59
3.34
3.76
3.81
3.19
3.03
2.81
2.73
2.65
2.51
2.26
2.25
2.39
2.81
3.23
3.32
3.69
3.17
2.48
2.40
1.87
1.89
1.92
1.91
1.87
2.45
3.30
3.29
3.17
2.67
2.37
2.20
2.09
2.04
1.98
1.97
1.98
2.43
2.96
3.27
3.65
2.84
2.30
2.07
1.95
1.99
2.00
1.98
1.94
2.51
3.28
3.33
3.04
2.92
2.65
2.23
2.08
2.08
2.09
2.23
2.53
2.81
3.27
3.49
3.55
3.29
2.65
2.34
1.93
1.95
1.95
1.93
2.12
3.17
3.71
3.64
3.43
2.83
2.53
2.47
2.40
2.44
2.44
2.75
3.12
3.28
3.38
3.51
3.55
3.23
2.60
2.20
1.98
2.05
2.07
2.06
2.01
1.88
2.73
3.09
3.27
3.36
3.32
3.20
3.08
3.04
2.98
2.97
3.07
3.23
3.50
3.58
3.45
2.73
2.32
1.94
2.03
2.09
2.11
2.12
2.10
2.07
2.04
1.99
1.90
2.34
2.30
2.26
2.50
2.78
3.12
3.22
3.57
3.69
3.76
3.76
3.72
3.39
2.79
2.40
2.13
2.03
2.09
2.11
2.12
2.10
2.07
2.00
1.90
2.21
2.28
2.57
2.72
3.09
3.30
3.27
2.98
3.04
3.05
3.03
2.85
2.35
2.31
1.91
1.97
2.02
2.06
2.05
2.01
1.93
1.92
1.86
1.82
1.79
2.12
2.13
2.38
2.63
3.05
3.50
3.70
3.67
3.73
3.63
3.41
3.34
2.80
2.32
1.87
1.94
1.98
2.00
1.95
1.91
1.84
1.79
1.82
2.24
2.44
2.74
3.23
3.31
3.42
3.51
3.60
3.53
3.54
3.46
3.18
2.52
2.47
2.14
1.94
1.99
2.01
2.03
2.00
1.97
1.91
1.84
1.81
1.75
1.81
2.30
2.71
3.20
3.56
3.76
3.81
3.75
3.48
3.27
2.97
2.62
2.42
2.22
1.97
2.00
2.01
2.01
1.98
1.92
1.87
1.82
1.86
2.03
2.14
2.44
2.64
3.30
3.75
3.95
3.99
3.93
3.95
3.85
3.49
3.28
2.44
2.31
1.93
1.99
1.99
2.00
1.97
1.91
2.49
2.45
2.46
2.61
2.54
2.56
2.66
2.86
3.09
3.60
3.69
3.71
3.93
3.84
3.52
3.44
2.86
2.11
2.01
2.02
2.04
2.07
2.07
2.05
2.02
1.95
2.42
2.74
2.68
2.59
2.62
2.95
3.36
3.69
3.82
3.82
3.77
3.84
3.56
3.16
2.71
2.48
1.99
2.04
2.08
2.11
2.12
2.12
2.10
2.02
1.93
2.32
2.54
2.99
3.57
3.57
3.64
3.70
3.75
3.75
3.67
3.66
3.53
3.13
2.50
1.94
2.00
2.03
2.05
2.07
2.03
1.99
1.98
1.91
1.84
2.10
2.88
3.28
3.43
3.54
3.59
3.64
3.66
3.70
3.69
3.71
3.42
2.79
2.50
1.90
1.95
2.01
2.03
2.04
2.02
1.96
1.92
1.86
1.82
2.44
2.84
3.22
3.23
3.16
3.28
3.34
3.36
3.32
3.40
3.15
3.01
2.75
2.63
2.66
2.61
2.56
2.68
2.64
2.73
2.70
2.82
2.72
2.73
2.75
2.87
2.78
2.86
3.01
3.02
3.37
3.35
3.34
3.27
3.04
2.83
2.93
2.44
1.90
2.00
2.03
2.07
2.07
2.06
1.99
1.98
1.93
1.88
1.83
2.18
2.84
3.30
3.87
4.09
4.21
4.22
4.25
4.13
3.97
3.74
3.18
2.86
2.81
2.46
2.42
2.18
2.06
2.07
2.00
2.18
2.52
2.50
2.48
2.94
3.16
3.49
3.78
4.03
4.06
4.16
4.33
4.37
4.21
3.80
3.04
2.65
2.57
2.65
2.32
2.10
2.32
1.97
1.98
1.95
1.91
1.86
1.86
2.30
2.33
2.47
2.55
2.63
2.70
2.96
2.97
3.01
2.99
2.65
2.38
2.24
2.13
2.15
2.02
2.04
2.06
2.09
2.10
2.04
1.92
2.22
2.60
2.76
3.01
3.18
3.46
3.67
3.83
4.09
4.15
4.25
4.31
4.14
3.69
3.36
2.82
2.40
1.99
2.04
2.06
2.01
1.94
1.99
2.28
2.49
2.48
2.54
2.59
3.03
3.40
3.59
3.86
3.90
4.00
3.98
3.79
3.38
2.58
2.45
2.46
2.13
1.94
1.99
2.01
2.00
1.97
1.95
1.91
1.86
1.82
1.77
2.26
2.71
3.47
3.61
3.74
4.01
4.06
4.16
3.93
3.25
2.69
2.37
2.10
1.99
2.09
2.12
2.12
2.10
2.06
2.00
1.94
1.88
1.83
1.97
2.45
2.87
3.37
3.61
3.92
3.97
3.95
3.89
3.90
3.64
3.25
2.84
2.26
2.04
2.07
2.10
2.11
2.08
2.05
2.00
1.95
1.89
1.83
2.28
2.86
3.15
3.80
3.82
3.91
4.04
4.09
4.16
3.92
3.62
2.85
2.48
2.33
2.01
2.09
2.13
2.13
2.12
2.09
2.04
1.97
1.93
1.88
1.90
2.55
3.13
3.46
3.86
4.02
4.14
4.23
4.21
4.17
3.82
3.13
2.67
2.25
2.12
2.12
2.20
2.21
2.21
2.20
2.17
2.08
2.01
1.93
1.88
2.38
2.92
3.38
3.72
3.99
4.17
4.15
4.05
3.80
3.79
3.36
2.57
2.40
2.11
2.19
2.24
2.25
2.25
2.24
2.20
2.11
2.02
1.94
2.60
2.90
3.39
3.67
3.91
4.00
4.26
4.28
4.30
4.21
4.12
3.78
2.92
2.31
2.12
2.21
2.25
2.26
2.25
2.23
2.19
2.10
2.03
1.95
2.17
2.75
3.08
3.40
3.50
3.54
3.65
3.61
3.61
3.89
3.60
3.46
3.04
2.52
2.08
2.15
2.22
2.20
2.16
2.08
2.01
1.94
1.95
2.20
2.55
2.86
3.27
3.73
3.85
4.00
4.02
4.02
4.07
3.93
3.50
3.17
2.87
2.50
2.38
2.22
2.05
2.06
2.07
2.00
1.95
1.87
1.84
2.27
2.42
2.87
3.18
3.62
3.83
3.92
3.94
3.83
3.60
3.11
2.64
2.48
2.31
1.92
1.95
1.99
2.07
2.08
2.05
2.01
1.97
1.89
1.82
1.76
2.17
2.85
3.03
3.19
3.42
3.57
3.60
3.59
3.45
3.23
2.82
2.41
2.24
2.25
2.02
1.97
2.04
2.04
2.02
1.98
1.95
1.88
1.81
1.90
2.31
2.44
2.79
3.16
3.47
3.47
3.50
3.54
3.42
3.23
2.54
2.41
2.28
1.97
1.90
1.99
2.02
2.05
2.06
2.06
2.01
1.92
1.84
2.16
2.43
2.48
2.83
3.22
3.45
3.57
3.60
3.55
3.45
3.28
3.31
2.94
2.41
2.31
1.96
2.04
2.10
2.13
2.14
2.15
2.09
1.97
1.85
2.41
2.35
2.42
3.07
3.35
3.56
3.65
3.66
3.66
3.57
3.37
3.00
2.78
2.31
2.29
1.95
2.04
2.07
2.09
2.07
2.02
1.95
1.88
1.79
2.25
2.38
2.66
2.87
2.99
3.32
3.42
3.16
3.17
2.92
2.74
2.42
2.37
2.34
2.12
1.92
1.98
2.04
2.05
2.05
2.02
1.98
1.91
1.84
1.81
2.22
2.56
3.15
3.51
3.68
3.63
3.68
3.77
3.73
3.77
3.57
3.16
2.88
2.56
1.94
2.02
2.05
2.08
2.07
2.02
1.98
1.92
1.87
1.83
1.93
2.71
2.93
3.10
3.36
3.55
3.94
4.14
4.05
4.04
3.94
3.69
3.42
2.62
2.52
2.45
2.02
2.05
2.03
1.98
2.18
2.15
2.22
2.28
2.59
2.85
3.31
3.55
3.77
3.87
3.89
3.95
3.90
3.59
3.00
2.62
2.48
2.34
2.02
2.08
2.11
2.12
2.09
2.05
2.00
1.96
2.16
2.19
2.37
2.66
3.08
3.32
3.65
3.89
3.99
3.96
3.95
3.57
2.91
2.62
2.07
1.94
1.97
2.01
2.07
2.09
2.09
2.09
2.07
1.99
1.93
1.87
1.83
2.35
3.06
3.65
3.73
3.78
3.79
3.80
3.82
3.80
3.35
2.82
2.39
2.08
2.01
2.08
2.12
2.13
2.16
2.15
2.12
2.04
2.19
2.45
2.67
3.08
3.54
3.78
3.80
3.91
3.90
3.94
3.91
3.89
3.55
3.12
2.32
1.95
2.01
2.06
2.09
2.10
2.08
2.02
1.95
2.36
2.49
2.68
2.78
3.03
3.18
3.34
3.48
3.60
3.60
3.77
3.88
3.82
3.39
3.22
2.68
2.42
2.02
2.10
2.13
2.12
2.13
2.07
2.01
1.93
1.88
2.13
2.31
2.37
2.70
2.98
3.14
3.73
4.17
3.98
4.08
4.09
3.82
3.42
2.49
2.50
2.18
2.08
2.12
2.12
2.11
2.06
2.03
1.97
1.88
2.05
2.28
2.87
3.07
3.26
3.70
4.03
4.32
4.25
4.24
4.09
3.93
3.63
3.05
2.53
2.09
2.04
2.08
2.09
2.08
2.03
1.99
1.89
2.37
2.62
2.74
2.81
2.93
3.19
3.65
3.78
3.92
3.94
3.93
3.69
3.57
3.21
2.61
2.15
1.97
2.04
2.08
2.10
2.06
2.04
2.02
1.96
1.89
1.83
1.76
2.59
3.12
3.25
3.45
3.68
3.71
3.80
3.83
3.73
3.59
2.85
2.67
2.67
1.94
2.04
2.09
2.13
2.14
2.13
2.10
2.01
1.92
1.82
2.17
2.45
2.49
3.02
3.34
3.82
3.78
3.75
3.73
3.78
3.55
3.49
3.06
2.43
2.02
2.06
2.11
2.14
2.15
2.16
2.15
2.07
1.98
1.91
1.86
1.82
2.22
2.83
3.05
3.72
3.99
4.07
3.95
3.88
3.54
3.44
3.38
3.26
2.44
2.04
2.04
2.05
2.03
1.98
1.97
2.07
2.61
2.88
3.08
3.14
3.57
3.78
3.92
4.20
4.32
4.33
4.19
4.04
3.43
2.78
2.48
1.97
1.96
2.01
2.03
2.04
2.03
1.98
1.97
1.88
1.79
2.35
2.80
2.92
3.36
3.75
3.85
3.98
4.06
4.03
3.81
3.56
3.35
2.92
2.54
2.08
1.96
1.98
2.01
2.02
2.00
1.97
1.91
1.85
1.85
1.95
2.46
2.79
3.43
3.52
3.70
4.02
4.04
4.04
3.86
3.67
3.45
3.16
2.72
2.64
2.02
2.01
2.05
2.05
2.03
2.00
1.94
2.25
2.41
2.79
3.10
3.27
3.49
4.00
4.04
4.10
4.13
4.13
4.14
3.96
3.72
3.37
2.72
2.04
1.98
2.01
2.05
2.05
2.03
2.00
1.93
1.85
2.15
2.54
2.73
3.36
3.86
3.95
4.16
4.25
4.18
4.04
3.99
3.88
3.57
3.29
2.76
2.32
1.95
2.01
2.04
2.07
2.07
2.06
2.04
1.95
1.85
1.92
2.61
2.98
3.32
3.60
3.82
3.86
4.07
4.00
3.94
3.86
3.43
3.11
2.77
2.43
1.89
1.97
2.02
2.03
2.02
2.03
2.01
1.92
1.82
2.03
2.52
2.92
3.42
3.66
3.78
3.69
3.64
3.72
3.98
3.95
3.63
3.60
3.02
2.70
2.12
1.94
1.97
1.99
1.96
1.93
1.90
1.80
2.04
2.62
3.19
3.38
3.81
3.98
3.93
3.99
4.15
4.13
4.20
4.15
3.92
3.83
3.22
2.78
2.40
1.92
1.96
1.97
1.96
1.93
1.90
1.91
1.95
2.12
2.59
3.22
3.68
3.88
4.05
4.11
4.05
4.11
3.92
3.71
3.24
3.02
2.79
2.42
2.19
1.81
1.86
1.87
1.86
1.84
1.81
1.75
1.69
2.11
2.72
3.15
3.51
3.78
4.09
4.07
4.10
4.07
4.05
4.04
3.46
3.11
2.74
2.71
2.69
2.28
1.82
1.83
1.83
1.81
1.79
1.74
1.84
2.25
2.93
3.34
3.57
3.63
3.83
3.85
3.91
3.99
4.39
4.39
4.15
4.06
3.57
2.89
2.17
1.86
1.88
1.90
1.90
1.88
2.02
2.21
2.78
3.04
3.36
3.53
3.78
3.95
4.23
4.23
4.07
3.94
3.77
3.79
3.74
3.52
3.25
2.83
2.42
1.87
1.91
1.94
1.95
1.95
1.92
1.95
2.28
2.88
3.25
3.41
3.60
3.97
4.21
4.51
4.57
4.30
4.08
4.09
4.06
3.80
3.52
3.02
2.06
1.95
1.99
2.01
2.02
2.03
2.01
1.97
2.83
3.11
3.38
3.76
4.07
4.09
4.09
4.19
4.20
4.26
4.21
4.21
4.12
3.53
3.18
2.78
1.91
1.96
2.00
2.01
2.00
2.00
1.99
1.92
1.94
2.22
2.91
3.32
3.79
4.03
4.39
4.55
4.52
4.51
4.29
4.16
3.87
3.64
3.07
2.92
2.44
1.95
2.00
2.02
2.04
2.02
2.01
1.96
1.99
2.86
3.02
3.29
3.42
3.63
3.96
4.22
4.31
4.29
4.16
3.96
3.47
2.91
2.84
2.46
1.90
1.95
1.99
2.00
1.99
1.96
1.94
1.88
1.99
2.45
2.92
3.41
3.88
4.05
4.19
4.18
4.13
4.13
4.12
3.77
3.34
2.66
2.57
2.39
1.92
1.88
1.92
1.93
1.94
1.92
1.89
1.82
1.75
2.28
2.85
3.28
3.68
3.95
3.99
3.99
3.95
3.77
3.66
3.28
2.70
2.49
2.45
2.01
1.86
1.91
1.95
1.96
1.95
1.94
1.93
1.85
1.77
2.42
3.12
3.77
3.85
3.97
4.03
4.10
4.11
4.07
3.82
3.75
3.34
3.11
2.59
2.26
1.87
1.93
1.98
2.02
2.01
2.01
1.99
1.93
1.82
2.29
2.85
3.34
3.59
3.80
3.80
3.84
3.87
3.90
3.70
3.14
2.73
2.56
2.16
1.89
1.95
1.98
2.02
2.05
2.06
2.05
2.03
1.97
1.90
2.40
2.98
3.51
3.97
4.31
4.45
4.51
4.46
4.49
4.38
4.18
3.68
3.16
2.74
1.96
1.98
2.02
2.06
2.07
2.05
2.01
1.96
1.88
1.92
2.53
2.81
2.99
3.34
3.57
3.75
4.00
4.07
4.08
4.00
3.77
3.00
2.73
2.71
2.11
1.98
2.03
2.08
2.08
2.09
2.05
2.00
1.91
1.86
1.77
2.47
2.98
3.39
3.61
3.97
4.05
4.06
4.05
3.95
3.69
3.19
2.67
2.45
1.87
1.92
1.98
2.01
2.03
2.02
1.99
1.96
1.88
1.80
1.72
2.35
2.74
3.01
3.35
3.62
3.72
3.88
3.91
3.74
3.49
3.13
2.69
2.57
2.47
1.84
1.90
1.92
1.93
1.92
1.91
1.89
1.82
2.11
2.31
2.59
2.94
3.20
3.46
3.68
3.84
3.85
3.74
3.57
3.36
3.12
2.68
2.24
2.24
2.02
1.86
1.90
1.92
1.93
1.91
1.91
1.85
2.06
2.58
2.85
3.03
3.13
3.34
3.53
3.38
3.36
3.19
3.06
2.82
2.92
2.74
2.32
2.05
1.84
1.88
1.92
1.94
1.95
1.95
1.94
1.88
1.87
2.67
2.63
2.72
3.10
3.51
3.69
3.82
3.82
3.84
3.71
3.52
3.19
2.47
2.23
1.88
1.87
1.92
1.96
1.98
1.99
1.99
1.97
1.89
1.82
2.16
2.72
3.20
3.11
3.33
3.57
3.63
3.64
3.83
3.68
3.47
3.02
2.41
1.79
1.86
1.90
1.94
1.97
1.98
1.97
1.93
1.93
1.86
1.81
1.90
2.49
2.97
3.23
3.33
3.62
3.97
3.87
3.85
3.66
3.29
3.03
2.61
2.39
2.36
2.25
1.85
1.91
1.92
1.92
1.89
1.88
1.81
1.74
2.47
3.25
3.51
3.48
3.53
3.70
3.73
3.59
3.41
3.39
3.09
3.04
2.77
2.58
2.25
1.90
1.95
1.97
1.98
1.97
1.95
1.94
1.90
2.01
2.67
2.95
3.32
3.46
3.96
4.11
4.15
4.55
4.55
4.39
4.05
3.87
3.55
3.06
2.89
2.66
2.18
1.97
1.99
1.95
1.93
2.10
2.33
2.41
2.83
3.42
3.78
3.84
4.05
4.14
4.22
4.25
4.14
3.81
3.86
3.93
3.68
3.41
3.09
2.96
2.56
2.49
2.57
2.64
2.73
2.82
3.10
3.26
3.26
3.36
3.67
3.72
3.75
3.84
3.89
3.95
4.08
4.06
3.74
3.46
3.50
3.57
3.40
2.68
2.74
2.78
2.79
2.88
2.88
2.87
2.70
2.98
3.28
3.42
3.76
4.06
4.31
4.56
4.62
4.61
4.54
4.44
4.17
3.89
3.67
3.48
3.28
2.98
2.34
2.18
2.19
2.20
2.37
2.48
2.82
3.45
3.74
3.65
3.57
3.75
3.91
4.08
4.53
4.49
4.47
4.43
4.43
3.97
3.63
3.52
3.11
2.56
2.08
2.06
2.02
2.04
2.00
2.16
2.33
2.80
3.15
3.32
3.41
3.64
3.85
4.09
4.18
4.15
3.87
3.64
3.57
3.38
2.88
2.41
2.10
1.90
1.92
1.93
1.94
1.96
1.97
1.90
1.84
2.07
2.44
3.12
3.57
3.74
3.81
3.86
3.89
3.88
3.72
3.52
3.31
3.26
2.96
2.47
1.80
1.85
1.87
1.91
1.93
1.93
1.89
1.88
1.83
1.92
2.25
2.69
3.11
3.48
3.61
3.71
3.73
3.77
3.81
3.75
3.62
3.46
3.19
2.71
2.22
1.81
1.85
1.86
1.87
1.86
1.85
1.85
1.79
1.74
2.31
2.86
3.04
3.23
3.48
3.60
3.69
3.67
3.68
3.55
3.49
3.37
2.98
2.53
2.45
2.37
2.00
1.85
1.87
1.88
1.86
1.87
1.79
1.97
2.74
3.04
3.23
3.36
3.49
3.71
3.78
3.80
3.75
3.54
3.32
3.01
2.53
2.35
2.38
2.21
1.93
1.86
1.89
1.90
1.90
1.90
1.83
1.78
2.21
2.58
3.03
3.27
3.44
3.67
3.78
3.86
3.80
3.63
3.39
2.92
2.35
2.40
2.45
1.88
1.89
1.92
1.95
1.96
1.97
1.96
1.90
1.82
1.79
2.30
2.43
2.98
3.30
3.68
3.90
3.86
3.82
3.74
3.30
2.78
2.55
2.39
2.37
2.15
1.89
1.93
1.93
1.92
1.89
1.87
1.99
2.79
2.83
2.95
3.20
3.42
3.87
4.08
4.07
4.07
4.05
3.98
3.78
3.33
3.20
3.00
2.62
2.48
1.83
1.88
1.91
1.91
1.88
1.87
1.83
1.94
2.25
2.93
3.31
3.89
4.19
4.34
4.32
4.35
4.40
4.19
3.62
3.30
2.98
2.75
2.01
1.87
1.90
1.94
1.94
1.94
1.90
1.97
2.15
2.35
2.81
2.98
3.08
3.32
3.65
4.18
4.39
4.43
4.44
4.37
4.19
3.87
3.28
2.76
2.60
2.59
2.01
1.85
1.86
1.85
1.82
1.81
1.78
1.81
1.90
2.40
3.01
3.38
3.68
4.07
4.36
4.56
4.47
4.41
4.14
3.84
3.68
3.45
2.91
2.55
1.90
1.88
1.89
1.88
2.01
2.12
2.19
2.38
2.60
2.68
3.11
3.61
3.77
4.03
4.32
4.42
4.33
4.23
4.04
3.89
3.81
3.52
3.05
2.62
2.14
2.08
2.06
2.09
2.14
2.18
2.21
2.48
2.86
2.98
3.06
3.12
3.33
3.37
3.67
3.66
3.67
3.64
3.34
3.29
2.82
2.72
2.74
2.30
1.77
1.81
1.82
1.84
1.84
1.84
1.79
2.28
2.50
2.72
2.83
3.19
3.42
3.64
3.82
3.86
3.86
3.71
3.18
2.83
2.80
2.84
2.90
2.44
2.16
1.88
1.88
1.88
1.83
1.82
1.97
2.70
2.94
3.51
3.77
3.91
4.15
4.18
4.42
4.54
4.69
4.57
4.11
3.66
3.24
2.98
2.33
1.91
2.01
1.94
1.94
2.01
2.10
2.45
2.96
3.14
3.14
3.36
3.71
4.07
4.37
4.42
4.54
4.57
4.60
4.57
4.29
3.87
3.59
3.15
2.67
1.94
1.94
1.98
1.99
1.97
1.95
1.91
1.96
2.06
2.22
2.75
3.45
3.96
4.36
4.41
4.53
4.52
4.34
4.12
4.00
3.75
3.38
3.09
2.70
2.18
2.11
2.06
2.08
2.12
2.20
2.54
2.94
2.96
2.76
2.92
3.41
3.78
4.07
4.52
4.83
4.68
4.66
4.70
4.54
4.39
4.15
3.54
3.42
3.38
3.16
2.78
2.28
2.23
2.36
2.35
2.44
2.71
2.98
3.11
3.46
3.65
3.80
3.90
4.07
4.11
4.11
4.04
3.74
3.44
3.19
3.01
2.75
2.16
2.18
2.14
1.90
1.92
1.91
1.89
1.88
1.81
2.00
2.54
2.99
3.16
3.47
3.80
4.04
4.02
4.17
4.14
4.00
3.74
3.71
3.81
3.33
2.73
1.89
1.95
1.95
1.95
1.95
1.92
1.90
1.91
2.07
2.38
3.09
3.55
3.74
3.97
4.09
4.18
4.32
4.03
3.61
3.17
2.98
2.84
2.92
2.26
2.01
1.90
1.91
1.90
1.85
2.03
2.52
2.85
2.85
3.10
3.19
3.72
3.94
3.96
4.13
4.20
4.20
4.02
3.84
3.57
3.05
2.64
2.65
2.39
2.06
1.84
1.87
1.94
1.99
2.03
2.07
2.07
2.25
2.83
3.37
3.72
3.83
3.95
4.06
4.14
4.17
4.08
3.68
3.43
3.36
3.22
2.79
2.49
2.49
2.47
2.48
2.51
2.52
2.53
2.48
2.53
2.86
2.99
3.33
3.78
4.04
4.29
4.38
4.39
4.41
4.45
4.43
4.21
3.92
3.38
3.05
2.86
2.21
2.17
2.19
2.22
2.18
2.38
2.31
2.39
2.51
2.93
3.32
3.53
3.82
4.13
4.41
4.43
4.46
4.49
4.54
4.38
3.80
3.42
3.37
2.78
2.21
2.13
2.13
2.21
2.28
2.70
2.69
3.05
3.29
3.79
4.28
4.43
4.34
4.44
4.47
4.39
4.41
4.27
3.90
3.63
3.50
3.47
3.22
2.53
2.06
2.15
2.11
2.15
2.20
2.25
2.16
2.27
2.77
3.23
3.66
4.15
4.28
4.35
4.48
4.43
4.40
4.46
4.22
3.65
3.16
2.57
2.49
2.17
2.03
1.98
2.00
2.00
2.00
1.98
1.98
1.89
2.64
3.19
3.47
3.86
3.99
4.03
4.05
4.03
4.00
4.00
3.89
3.67
3.22
2.89
2.19
1.82
1.86
1.89
1.90
1.89
1.85
1.86
1.86
2.06
2.30
2.85
3.40
3.61
3.68
3.81
3.88
3.92
3.97
3.89
3.88
3.82
3.32
2.83
2.69
2.54
2.15
1.85
1.88
1.88
1.84
1.83
1.81
1.94
2.05
2.83
3.44
3.63
3.72
3.82
3.85
3.86
3.87
3.96
3.90
3.73
3.53
2.89
2.65
2.41
1.79
1.84
1.86
1.87
1.84
1.84
1.95
2.09
2.22
2.85
3.02
3.26
3.40
3.53
3.83
3.96
3.95
3.92
3.94
3.86
3.68
3.17
2.81
2.38
1.94
1.95
1.98
1.98
1.97
2.16
2.49
2.40
2.43
2.85
2.98
3.10
3.24
3.47
3.55
3.40
3.39
3.43
3.41
3.29
2.97
2.81
2.83
2.69
2.09
1.85
1.80
1.79
1.77
1.77
1.90
2.56
2.84
3.05
3.33
3.50
3.56
3.58
3.65
3.68
3.72
3.59
3.70
3.66
3.58
3.41
2.92
2.62
2.31
1.78
1.81
1.83
1.83
1.83
1.78
2.04
2.63
2.99
3.03
3.31
3.50
3.66
3.68
3.81
3.91
3.93
3.66
3.07
2.75
2.65
2.54
2.09
1.92
1.88
1.89
1.89
1.90
1.89
2.01
2.71
3.07
3.14
3.28
3.54
3.82
4.04
4.25
4.29
4.20
3.92
3.65
3.42
2.91
2.77
2.48
2.11
1.87
1.88
1.88
1.86
2.25
2.77
3.32
3.47
3.42
3.44
3.51
3.91
4.33
4.41
4.48
4.40
3.92
3.82
3.79
3.61
3.48
3.31
2.58
1.85
1.89
1.91
1.92
1.90
1.87
2.08
2.03
2.18
2.57
3.11
3.74
4.14
4.18
4.14
4.22
4.22
4.21
4.02
3.72
3.39
3.36
3.17
2.54
2.00
1.92
1.93
1.94
1.96
1.95
2.08
2.32
2.58
2.86
3.31
3.58
3.90
3.96
4.30
4.55
4.51
4.55
4.64
4.53
4.34
3.96
3.41
2.98
2.11
1.96
1.99
2.00
1.98
1.93
2.06
2.17
2.36
2.52
2.79
3.47
3.94
4.27
4.30
4.22
4.37
4.48
4.62
4.53
4.40
3.98
3.16
2.23
1.96
1.99
2.02
2.00
1.99
2.04
1.96
2.00
2.17
2.54
2.95
3.49
4.03
4.16
4.27
4.33
4.34
4.43
4.49
4.50
4.43
4.12
3.44
2.91
2.56
1.87
1.92
1.95
1.96
1.95
1.95
1.92
1.86
2.18
2.66
3.20
3.57
3.89
4.14
4.33
4.37
4.36
4.38
4.34
3.63
3.44
3.16
2.86
2.11
1.94
2.00
2.02
2.03
2.02
2.01
1.94
2.17
2.53
2.94
3.36
3.54
4.15
4.21
4.18
4.19
4.22
4.23
4.25
3.84
3.47
3.34
2.78
2.33
1.95
2.00
2.03
2.04
2.03
2.01
1.94
1.98
2.89
3.36
3.83
3.99
4.03
4.06
4.12
4.13
4.14
4.10
4.08
3.80
3.30
3.22
2.98
2.64
2.11
2.02
1.94
1.92
1.99
2.34
2.39
2.62
2.96
3.12
3.43
3.61
3.63
3.74
3.86
3.94
3.98
3.99
4.01
4.02
3.48
3.28
2.38
1.84
1.88
1.91
1.91
1.88
1.85
1.87
2.00
2.25
2.59
2.92
3.25
3.42
3.66
3.94
4.11
4.28
4.32
4.36
4.33
4.14
3.69
3.32
3.24
2.84
2.24
1.88
1.90
1.90
2.00
2.49
2.85
3.09
3.16
3.25
3.44
3.79
3.76
3.88
4.11
4.25
4.25
4.04
3.86
3.86
3.88
3.65
3.05
2.28
1.94
1.97
1.98
1.98
1.93
2.21
2.44
2.84
3.09
3.39
3.71
3.96
4.24
4.23
4.30
4.34
4.29
4.17
4.04
3.99
3.42
3.27
2.77
2.30
1.90
1.96
1.98
1.99
1.98
1.96
1.88
1.97
2.76
3.51
4.03
4.09
4.19
4.28
4.30
4.34
4.31
3.98
3.60
3.41
3.27
2.46
2.06
2.09
1.96
2.01
2.04
2.04
2.02
1.99
1.92
1.95
2.09
2.77
3.30
3.81
4.11
4.24
4.31
4.25
4.28
4.24
4.24
3.81
3.31
2.50
2.07
1.97
2.00
2.02
2.02
2.00
1.93
1.88
1.98
2.20
2.60
3.25
3.49
3.76
3.94
4.10
4.24
4.22
4.24
4.31
4.28
4.28
3.81
3.25
3.04
2.60
1.91
1.95
1.94
1.92
1.96
2.03
2.44
2.86
3.52
3.83
4.31
4.51
4.60
4.64
4.69
4.71
4.72
4.83
4.71
4.35
3.72
3.25
2.50
1.91
1.97
1.98
1.98
1.95
1.92
2.00
2.22
2.37
2.67
3.17
3.57
3.96
4.23
4.52
4.53
4.52
4.62
4.70
4.46
3.92
3.51
2.95
2.42
2.01
2.02
2.03
2.03
2.01
1.95
2.24
2.65
2.79
2.88
2.94
3.05
3.52
4.00
4.39
4.58
4.55
4.60
4.47
4.27
3.85
3.77
3.29
2.45
2.09
2.04
2.06
2.06
2.04
1.99
3.27
3.45
3.62
3.73
3.81
4.07
4.63
4.77
4.80
4.75
4.73
4.80
4.94
4.94
4.67
4.07
3.71
3.08
2.24
2.03
2.06
2.06
2.06
2.04
2.02
2.11
2.23
2.91
3.55
3.97
4.37
4.89
5.09
5.07
5.07
5.11
4.74
4.49
4.05
3.94
3.37
2.82
2.29
2.06
2.11
2.11
2.11
2.08
2.06
2.38
2.95
3.32
3.60
3.79
4.29
4.72
4.91
4.90
4.89
4.97
5.10
4.98
4.34
3.94
3.42
2.33
2.08
2.12
2.13
2.11
2.12
2.03
2.13
2.28
2.32
2.90
3.45
3.79
4.14
4.40
4.98
4.96
4.96
5.00
5.06
5.03
4.61
3.98
3.52
2.59
2.21
2.10
2.14
2.12
2.10
2.03
2.13
2.38
2.64
3.19
3.63
3.63
3.93
4.37
4.77
4.89
4.84
4.87
4.92
4.92
4.53
3.73
3.43
2.77
2.50
2.09
2.12
2.12
2.10
2.02
2.25
2.71
2.91
3.63
3.64
3.65
3.80
4.20
4.43
4.46
4.74
4.80
4.89
4.86
4.78
4.24
3.53
2.82
2.08
2.05
2.04
2.06
2.03
2.20
2.88
3.24
3.33
3.27
3.34
3.52
3.72
3.94
4.18
4.47
4.56
4.71
4.83
4.10
3.89
3.78
3.12
1.95
2.01
2.05
2.09
2.08
2.04
1.98
1.98
1.96
1.89
2.11
2.70
3.28
3.71
4.14
4.40
4.59
4.62
4.80
4.48
4.16
3.80
3.75
3.53
2.83
2.08
2.06
2.09
2.12
2.12
2.09
2.08
2.03
1.93
2.41
3.48
3.66
4.23
4.68
4.65
4.66
4.67
4.72
4.70
4.70
4.01
3.48
3.33
2.63
2.05
2.11
2.14
2.16
2.16
2.15
2.16
2.08
1.99
2.51
3.44
3.62
4.19
4.55
4.70
4.80
4.86
4.81
4.83
4.69
4.50
4.37
3.99
3.15
2.66
2.21
2.04
2.06
2.02
2.30
3.14
3.35
3.32
3.40
3.34
3.33
3.53
4.02
4.52
4.51
4.48
4.46
4.36
3.99
3.67
3.44
3.29
2.53
1.97
2.02
2.04
2.05
2.02
1.95
1.98
2.14
2.18
2.31
3.22
3.42
4.01
4.32
4.37
4.43
4.38
4.44
4.59
4.50
4.05
3.67
3.37
2.71
1.92
1.98
1.99
2.00
1.98
1.92
2.04
2.11
2.04
2.91
3.27
3.37
3.79
4.37
4.65
4.69
4.62
4.65
4.46
4.14
3.78
3.69
3.41
2.88
2.13
1.93
1.98
1.99
1.97
1.89
2.29
2.41
2.32
2.60
3.43
3.70
3.86
4.50
5.08
5.08
5.04
5.13
5.13
4.96
4.77
4.42
4.20
3.24
2.77
2.00
2.03
2.04
2.03
1.96
1.92
1.89
2.12
2.76
2.97
3.16
3.77
4.02
4.40
4.50
4.75
4.89
4.91
4.58
4.31
3.76
3.56
3.06
2.75
1.99
2.04
2.06
2.06
2.06
2.04
1.99
2.07
2.82
3.52
3.94
4.30
4.46
4.49
4.47
4.50
4.56
4.75
4.64
4.27
3.91
3.66
3.19
2.58
2.04
2.09
2.11
2.13
2.11
2.09
2.02
1.93
2.54
3.28
3.65
4.00
4.35
4.24
4.26
4.28
4.32
4.50
4.42
4.12
3.66
2.93
2.36
2.07
2.05
2.07
2.08
2.04
2.01
2.24
2.27
2.80
3.28
3.82
4.15
4.40
4.42
4.32
4.35
4.41
4.46
4.49
4.49
4.30
3.59
3.30
2.47
1.99
2.03
2.05
2.06
2.05
2.00
1.96
1.92
2.15
2.90
3.42
3.58
4.06
4.20
4.20
4.23
4.29
4.54
4.56
4.56
4.39
3.87
3.51
3.00
2.25
2.03
2.06
2.09
2.05
2.02
1.95
1.91
2.26
3.03
3.40
3.77
4.30
4.39
4.46
4.72
4.77
4.83
4.84
4.76
4.92
4.54
3.84
3.31
2.97
2.45
2.04
2.04
2.01
2.57
2.77
2.81
2.93
3.20
3.52
4.06
4.21
4.39
4.48
4.48
4.51
4.30
3.96
3.86
3.73
3.40
3.00
2.81
2.19
2.02
2.07
2.07
2.04
2.35
2.62
2.91
3.09
3.13
3.39
3.70
3.95
3.94
4.02
4.31
4.35
4.06
3.99
3.84
3.54
3.02
2.88
2.61
2.09
2.17
2.22
2.24
2.23
2.20
2.12
2.06
2.31
2.89
3.14
3.28
3.48
3.64
3.79
3.71
3.82
3.98
4.17
3.89
3.61
3.27
3.11
2.89
2.79
2.52
2.27
2.47
2.38
2.49
2.98
3.14
3.25
3.39
3.45
3.65
3.75
3.65
3.81
3.89
3.96
4.21
4.59
4.53
4.46
3.79
3.35
3.01
2.44
2.38
2.37
2.45
2.50
2.85
3.30
3.38
3.37
3.34
3.42
3.49
3.63
3.76
3.97
4.21
4.35
4.46
4.49
4.73
4.34
3.60
3.35
3.08
2.55
2.11
2.12
2.11
2.06
2.46
3.13
3.26
3.32
3.37
3.57
3.62
3.72
3.79
3.95
4.12
4.25
4.49
4.58
4.50
3.98
3.31
3.00
2.70
2.07
2.13
2.15
2.17
2.11
2.00
2.64
2.96
3.34
3.36
3.41
3.63
3.75
3.87
3.99
4.29
4.37
4.33
4.23
4.12
3.73
3.35
2.89
2.18
2.14
2.16
2.16
2.16
2.13
2.04
2.37
2.66
2.63
2.88
3.08
3.36
3.87
4.19
4.44
4.71
4.75
4.79
4.80
4.72
4.32
3.93
3.14
2.54
2.06
2.12
2.16
2.15
2.12
2.03
2.48
2.57
2.60
2.80
3.07
3.15
3.30
3.42
3.79
4.08
4.21
4.09
4.15
4.20
3.83
3.62
2.80
2.59
2.33
2.10
2.16
2.19
2.20
2.16
2.12
2.05
2.48
2.70
2.78
2.96
3.15
3.19
3.39
3.59
3.68
3.69
3.70
3.60
3.57
3.37
2.77
2.38
2.14
2.21
2.24
2.24
2.24
2.19
2.16
2.07
2.62
2.67
2.66
2.74
2.79
2.92
3.11
3.23
3.42
3.65
4.27
4.27
4.25
3.78
2.93
2.31
2.08
2.10
2.12
2.12
2.39
2.58
2.83
3.38
3.43
3.02
3.05
2.98
2.79
2.81
2.90
3.01
3.30
3.57
3.48
3.64
3.73
3.16
2.63
2.48
2.45
2.48
2.34
2.08
2.25
2.70
3.29
3.57
3.57
3.46
3.31
2.89
2.72
2.44
2.53
2.61
2.84
3.23
3.76
3.73
3.41
2.95
2.57
2.44
2.35
2.10
2.04
2.02
2.19
2.83
3.65
3.89
3.84
3.65
3.21
2.84
2.56
2.49
2.57
2.73
2.94
3.44
3.89
4.03
3.89
3.33
2.64
2.11
2.09
2.13
2.14
2.14
2.06
2.49
2.99
3.03
3.20
3.11
3.06
3.09
2.99
3.05
3.15
3.16
3.24
3.67
3.77
3.91
4.06
3.62
2.84
2.59
2.33
2.09
2.15
2.15
2.09
2.48
3.31
3.82
3.79
3.63
3.62
3.67
3.50
3.40
3.21
3.04
3.18
3.72
3.87
3.67
3.42
3.13
2.83
2.52
2.09
2.12
2.14
2.14
2.11
2.06
2.54
2.78
2.65
2.86
2.82
2.84
2.41
2.78
3.40
4.03
4.83
4.79
5.04
4.89
4.86
4.54
4.24
3.13
2.64
2.12
2.19
2.20
2.21
2.19
2.13
2.07
2.01
1.97
1.97
1.95
1.94
1.93
1.91
1.93
2.09
2.63
2.79
2.81
2.66
2.22
2.45
2.27
2.16
2.13
2.13
2.10
2.50
3.19
3.86
3.94
3.29
3.04
3.02
2.99
3.24
3.50
3.56
3.78
3.78
3.94
4.24
4.22
3.79
3.01
2.52
2.10
2.13
2.16
2.15
2.14
2.08
2.29
2.78
3.10
2.81
2.80
2.82
3.08
3.35
3.76
4.31
4.64
4.77
4.77
4.76
4.52
4.29
3.82
2.94
2.69
2.11
2.14
2.16
2.14
2.07
2.20
2.90
3.00
2.70
2.70
2.72
3.00
3.28
3.55
3.95
4.22
4.34
4.64
4.61
4.49
4.08
3.03
2.47
2.23
2.09
2.14
2.16
2.17
2.13
2.05
2.17
2.46
2.59
2.67
2.71
2.90
3.00
3.21
3.39
3.64
3.68
3.73
3.68
3.51
3.33
2.92
2.54
2.28
2.05
2.11
2.12
2.11
2.07
1.98
2.58
2.67
2.65
2.75
2.87
2.87
3.31
3.67
3.87
4.05
4.07
4.01
3.79
3.75
3.49
3.29
2.70
2.65
2.07
2.13
2.19
2.18
2.19
2.16
2.12
2.05
2.52
2.77
3.05
3.17
3.40
3.71
4.04
4.24
4.29
4.26
4.14
3.89
3.56
3.23
2.61
2.60
2.53
2.10
2.14
2.16
2.21
2.19
2.14
2.20
2.76
2.74
2.83
3.09
3.34
3.70
3.90
4.00
3.96
3.95
3.72
3.56
3.14
2.76
2.76
2.35
2.11
2.17
2.22
2.22
2.14
2.18
2.74
2.87
2.86
3.07
3.44
3.41
3.47
3.49
3.42
3.46
3.59
4.19
4.42
4.42
4.44
4.03
3.32
2.59
2.08
1.97
2.00
1.98
1.98
2.99
4.14
4.27
4.20
3.69
3.22
2.80
2.48
1.99
1.86
1.88
1.88
2.41
3.26
3.38
3.24
3.23
2.96
2.52
2.39
2.41
2.48
2.70
3.41
3.63
3.79
3.81
3.84
3.68
3.27
3.22
2.79
2.40
1.98
1.89
1.91
2.55
3.05
3.32
3.53
3.24
2.80
2.60
2.53
2.59
2.80
3.17
3.33
3.56
3.88
3.92
4.00
3.82
3.46
2.89
2.10
1.85
1.89
1.90
1.86
2.16
2.96
3.14
3.19
3.03
2.62
2.53
2.57
2.81
3.01
3.37
3.51
3.56
4.20
4.29
3.77
3.50
3.25
2.57
1.88
1.92
1.97
2.00
1.98
2.10
2.90
3.19
3.52
3.54
3.45
3.20
2.81
2.79
2.83
3.00
3.48
3.84
4.42
4.73
4.51
3.90
3.19
2.62
2.55
2.15
1.83
1.84
2.24
3.29
3.37
3.36
3.10
2.70
2.56
2.06
1.98
1.98
1.98
2.01
2.02
1.96
1.98
2.58
3.05
3.00
2.88
2.52
2.66
2.49
2.48
2.53
2.62
3.53
3.94
3.95
3.64
3.37
2.59
2.23
2.15
2.08
2.12
2.19
2.15
2.76
3.70
4.32
4.20
3.69
3.33
3.14
3.12
3.17
2.97
2.95
3.19
3.64
4.12
4.12
4.03
3.25
2.66
2.43
2.01
2.03
2.05
2.05
2.06
1.99
2.95
3.49
3.34
3.19
3.23
3.14
3.11
3.36
3.52
3.66
3.90
3.96
4.20
4.16
3.75
3.28
2.86
2.61
2.56
2.02
2.04
2.05
2.04
1.99
2.36
2.53
2.79
2.84
3.20
3.37
3.47
3.67
4.14
4.26
4.38
4.50
4.72
4.78
4.34
3.79
3.32
2.93
2.66
2.56
1.99
2.03
2.04
1.99
2.35
3.15
3.39
3.50
3.54
3.55
3.81
3.92
4.14
4.24
4.39
4.35
4.61
4.58
4.16
3.89
3.26
2.95
2.65
2.08
2.04
2.04
2.04
2.01
2.43
2.93
3.11
3.39
3.33
3.37
3.55
3.72
3.73
3.89
4.28
4.27
4.19
4.24
4.25
3.93
3.42
3.17
2.88
2.56
2.50
2.49
2.56
2.57
3.00
3.37
3.60
3.79
3.80
3.73
3.49
3.44
3.50
3.60
3.80
4.31
4.61
4.56
4.43
4.01
3.67
3.28
2.69
2.65
2.57
2.61
2.55
2.60
2.95
3.31
3.63
3.82
3.77
3.72
3.52
3.47
3.54
3.65
3.91
4.24
4.68
4.95
4.81
4.53
3.93
3.27
2.61
2.09
1.94
1.96
1.94
2.32
3.79
4.61
4.75
4.17
3.72
3.24
3.02
2.92
2.71
2.57
2.77
3.39
4.04
4.35
4.27
3.90
3.50
3.20
2.66
2.53
2.49
2.54
2.50
2.91
3.81
4.45
4.62
3.86
3.40
3.15
2.77
2.54
2.53
2.57
2.76
3.41
3.86
3.91
3.87
3.64
3.27
2.90
2.35
1.94
1.97
1.97
1.95
1.92
3.15
3.99
4.11
3.77
3.69
3.60
3.70
3.68
3.62
3.66
3.88
4.21
4.78
4.83
4.85
4.58
4.01
3.47
2.80
2.16
2.09
1.99
1.99
2.17
3.09
3.97
4.01
3.90
3.60
3.28
3.23
3.59
3.49
3.55
3.73
3.96
4.14
4.12
4.12
3.80
3.44
3.14
2.72
2.30
2.02
2.03
2.03
1.96
2.71
3.58
3.69
3.68
3.82
3.83
3.88
3.79
3.60
3.60
3.73
4.03
4.23
4.27
4.23
3.85
3.50
3.19
2.91
2.39
2.00
2.02
2.03
1.99
2.38
2.86
3.02
3.31
3.29
3.31
3.12
3.08
3.16
3.14
3.14
3.90
4.22
4.34
4.32
4.17
3.78
3.44
2.96
2.56
2.55
2.62
2.74
3.00
3.34
3.78
4.01
3.92
3.68
3.37
3.21
2.88
2.80
2.85
2.72
3.23
3.75
3.93
3.86
3.42
2.96
2.58
2.51
2.50
2.57
2.67
2.60
2.74
3.15
3.77
4.02
3.94
3.54
3.34
3.08
2.97
3.04
3.20
3.53
3.96
4.37
4.48
4.44
4.06
3.35
2.79
2.58
2.55
2.33
2.26
2.14
2.19
2.65
3.39
3.87
4.10
4.24
3.84
3.60
3.49
3.37
3.49
3.75
4.10
4.22
4.25
4.29
4.02
3.38
2.48
1.89
1.94
1.97
1.97
1.96
1.93
1.96
3.36
4.06
4.25
4.25
4.28
4.22
4.26
4.09
4.06
4.08
4.38
4.57
4.69
4.69
4.39
3.95
3.45
2.75
2.39
1.96
1.98
2.18
2.84
3.30
4.06
4.25
4.26
4.21
3.93
3.54
2.73
2.23
2.02
1.99
2.03
2.56
2.83
2.98
2.90
3.14
2.88
2.49
2.44
2.49
2.54
2.49
2.60
2.92
3.37
3.76
3.94
3.99
3.77
3.01
2.64
2.55
2.05
1.98
2.69
3.38
3.83
3.87
3.83
3.86
3.50
3.01
2.64
2.41
2.38
2.56
2.88
3.31
3.66
3.76
3.84
3.71
3.39
3.01
2.03
1.79
1.80
1.83
2.27
3.19
3.31
3.27
3.10
2.82
2.47
2.34
2.38
2.34
2.33
2.34
2.50
2.65
3.04
3.33
3.42
3.38
3.06
2.86
2.60
2.61
2.64
2.92
3.35
3.73
3.61
3.38
3.17
3.04
2.65
2.12
1.81
1.81
1.80
2.02
2.55
3.44
3.80
3.97
3.47
3.10
2.58
2.40
1.87
1.70
1.71
1.70
2.22
3.19
3.48
3.52
3.49
3.23
2.95
2.58
2.60
2.64
2.68
2.77
3.17
3.87
4.32
4.10
3.28
2.99
2.60
2.36
1.81
1.74
1.75
1.74
2.43
3.01
3.16
3.34
3.22
3.31
3.20
2.73
2.51
2.56
2.81
2.89
3.03
3.46
3.86
3.83
3.30
3.20
3.01
2.54
1.87
1.77
1.82
1.83
2.33
3.36
3.73
3.54
3.31
3.13
2.87
2.55
2.58
2.56
2.86
3.03
3.45
4.14
4.82
4.71
4.10
3.76
3.46
3.04
2.71
2.51
2.48
2.54
3.13
3.84
3.99
3.96
3.77
3.37
2.41
1.92
1.98
2.00
2.02
2.01
1.93
2.86
4.13
4.62
4.33
4.22
3.98
3.63
3.32
3.28
3.30
3.21
3.41
3.90
3.97
3.95
3.54
2.95
2.63
2.31
1.98
2.02
2.23
2.15
2.22
2.32
2.81
2.97
3.26
3.44
3.53
3.51
3.42
3.31
3.34
3.44
3.83
4.38
4.46
4.43
4.21
3.51
2.98
2.47
2.07
2.13
2.14
2.15
2.14
2.10
2.05
2.02
2.96
3.21
3.47
3.08
2.95
2.98
3.15
3.24
3.79
4.54
4.71
4.63
4.56
4.22
3.62
3.13
2.62
2.30
2.00
1.98
2.01
3.02
3.76
4.01
3.88
3.40
3.02
2.68
2.22
2.16
2.19
2.71
3.64
4.25
4.17
3.70
3.64
3.34
2.99
2.71
2.54
2.54
2.51
2.91
3.19
3.57
4.36
4.32
3.78
3.49
3.13
2.82
2.63
2.47
2.17
2.48
3.30
3.46
3.62
3.61
3.50
3.29
3.02
2.81
2.58
2.59
2.67
2.88
3.01
3.21
3.49
3.57
3.44
3.05
2.94
2.79
2.74
2.69
2.55
2.63
3.19
3.48
3.58
3.59
3.59
3.43
3.16
2.89
2.86
2.99
2.98
3.19
3.50
3.98
4.30
4.13
3.53
3.47
3.25
2.92
2.63
2.52
2.55
2.60
2.74
2.95
3.14
3.19
3.09
3.00
2.83
2.66
2.67
2.71
2.70
3.02
3.30
3.82
4.23
4.28
4.24
3.83
3.31
3.15
2.98
2.90
2.93
2.98
3.25
3.84
3.91
3.70
3.17
2.94
2.73
2.52
2.03
2.05
2.07
2.08
2.06
2.03
2.20
2.90
3.24
3.54
3.68
3.76
3.32
3.25
3.00
2.97
3.34
3.33
3.29
3.01
2.59
2.50
2.46
2.53
2.37
2.06
2.06
2.07
2.04
2.34
2.75
2.93
2.95
2.91
2.88
2.95
3.00
3.10
3.10
3.20
3.34
3.73
3.92
3.87
3.88
3.64
3.37
2.78
2.53
2.48
2.57
2.80
3.23
3.91
4.43
4.26
4.08
3.46
3.04
2.83
2.54
2.05
2.03
2.13
2.55
3.34
3.69
3.65
3.51
3.35
3.01
2.69
2.62
2.71
2.69
3.22
3.56
4.04
4.29
4.24
3.78
3.59
3.42
3.11
2.87
2.48
2.27
2.17
2.60
3.15
3.36
3.33
3.36
3.20
2.91
2.81
2.88
2.86
2.96
3.20
3.51
3.88
4.16
4.17
3.78
3.56
3.45
3.13
2.56
2.16
2.16
1.89
2.41
3.41
3.72
3.66
3.68
3.48
3.07
2.83
2.82
2.79
2.84
3.10
3.44
3.91
4.28
4.25
3.95
3.81
3.52
3.23
2.59
2.15
2.10
2.12
2.49
3.47
3.87
3.89
3.92
3.86
3.51
3.06
3.02
3.07
3.17
3.39
3.78
4.35
4.75
4.66
4.19
3.97
3.85
3.13
2.16
1.87
1.87
1.88
2.73
3.36
3.66
3.76
3.68
3.55
3.28
3.04
3.01
2.98
3.19
3.45
3.83
4.18
4.32
4.24
4.25
4.06
3.91
3.48
3.22
3.04
3.00
3.03
3.40
3.68
3.75
3.78
3.63
3.34
3.09
3.01
2.64
2.19
2.15
2.19
2.26
2.47
2.94
3.69
3.96
3.96
3.93
3.43
2.99
3.12
3.14
3.39
3.74
4.60
4.88
4.83
4.49
4.09
3.70
3.38
2.93
2.68
2.71
2.78
2.92
3.20
3.51
3.56
3.61
3.44
3.34
3.06
2.61
2.24
2.64
2.92
3.25
3.85
4.09
4.05
4.00
3.63
3.27
2.75
2.34
2.32
2.40
2.64
3.11
3.57
3.64
3.61
3.43
3.36
3.20
2.79
2.04
1.82
1.84
1.81
2.51
3.41
3.83
3.93
3.81
3.76
3.33
3.15
2.88
3.00
2.97
3.14
3.36
3.85
4.05
4.00
3.52
3.22
3.01
2.62
2.48
1.89
1.90
1.92
2.03
2.73
3.03
3.09
2.89
2.84
2.51
2.41
2.41
2.60
2.85
3.11
3.41
3.83
4.22
4.29
4.07
3.55
3.27
2.81
2.24
1.85
1.89
1.89
1.86
2.21
2.91
2.86
2.90
2.73
2.46
2.45
2.49
2.63
2.81
2.92
3.27
3.81
4.19
4.26
4.11
3.48
3.26
3.02
2.84
2.42
2.44
2.51
2.63
3.05
3.21
3.19
3.00
3.00
2.76
2.73
2.71
2.57
2.44
2.40
2.53
2.90
3.27
3.56
3.55
3.62
3.34
3.04
2.64
2.55
2.62
2.61
2.79
3.35
3.45
3.38
3.29
3.27
3.15
2.88
2.75
2.60
2.71
2.75
2.91
3.34
3.70
3.98
4.02
4.15
3.91
3.58
3.20
2.69
2.79
2.78
3.13
3.93
4.16
4.18
3.66
3.09
2.73
2.20
2.22
2.28
2.30
2.30
2.30
2.20
2.33
2.59
3.08
3.37
3.50
3.51
3.18
2.84
2.97
3.09
3.24
3.67
3.89
3.86
3.92
3.60
3.15
2.54
2.15
2.17
2.18
2.21
2.16
2.06
2.69
3.01
3.15
3.07
3.03
2.88
2.88
3.05
3.23
3.36
3.80
4.60
4.84
4.90
4.73
4.46
4.15
3.85
3.42
3.50
3.46
3.47
3.66
3.97
4.39
4.58
4.46
3.98
3.49
3.05
2.68
2.39
2.15
2.26
2.72
3.30
3.32
3.30
3.11
2.80
2.52
2.14
1.91
1.93
1.91
1.88
2.26
3.05
3.50
3.68
3.59
3.37
2.78
2.41
2.22
2.22
2.23
2.42
3.13
3.63
3.69
3.69
3.60
3.49
3.20
2.82
2.60
2.63
2.66
2.74
3.03
3.38
3.90
4.13
4.30
4.22
4.10
3.90
3.60
3.48
3.49
3.59
4.03
4.39
4.17
3.94
3.53
3.13
2.78
2.62
2.67
2.68
2.78
2.94
3.20
3.66
3.91
3.81
3.73
3.62
3.71
3.41
2.77
2.72
2.71
2.73
2.88
3.21
3.57
3.54
3.57
3.29
2.91
2.72
2.71
2.79
2.74
2.92
3.08
3.30
3.47
3.59
3.59
3.11
2.69
2.32
1.91
1.96
1.97
1.96
1.90
