4.62
4.82
4.89
4.63
4.60
4.70
4.86
5.78
5.54
5.10
4.63
5.22
5.16
4.83
4.84
5.32
6.34
6.61
6.33
5.81
5.48
5.18
5.20
4.62
4.79
4.68
4.64
4.69
4.56
4.67
5.00
5.65
5.81
5.82
5.39
5.30
4.64
4.89
5.10
5.86
6.45
6.92
6.66
6.07
5.26
4.69
4.77
4.53
4.76
4.88
4.68
4.60
4.52
4.52
4.86
5.11
4.85
4.71
4.25
4.21
4.24
4.56
4.61
5.50
5.72
6.16
5.96
5.99
5.72
5.18
4.99
4.69
4.44
4.22
4.36
4.40
4.36
4.97
4.82
5.76
6.11
5.52
5.17
5.21
4.97
4.72
5.16
5.27
5.53
5.89
5.76
5.59
4.85
4.59
4.26
3.97
3.91
3.96
3.97
3.83
3.93
3.99
4.53
5.28
5.39
5.35
5.35
5.39
5.06
4.90
5.03
5.27
5.83
5.81
5.51
5.33
4.81
4.22
4.26
3.97
3.90
3.80
3.65
3.46
3.36
3.78
4.05
4.26
4.33
4.15
4.20
4.41
4.42
4.38
4.63
5.27
5.83
5.88
5.81
5.33
4.91
4.32
3.90
3.98
4.05
3.97
3.94
4.08
4.14
3.97
4.41
5.29
5.42
5.25
5.19
4.73
4.67
4.69
4.81
5.11
5.33
5.26
5.12
5.04
4.63
4.22
3.82
3.80
3.81
3.57
3.38
3.45
3.64
4.18
4.67
4.74
4.77
4.52
4.27
4.14
3.95
4.28
4.49
4.78
4.99
4.93
4.76
4.59
4.31
4.03
3.92
4.01
3.94
4.06
3.77
3.67
3.61
3.48
3.76
4.08
4.71
4.81
4.73
4.92
4.39
3.97
4.06
4.73
5.36
5.69
5.57
4.96
4.44
4.18
3.95
3.69
3.73
3.78
3.67
3.59
3.55
3.38
3.41
3.94
3.90
3.96
3.76
3.95
3.73
3.42
3.36
3.84
4.40
4.67
4.70
4.19
3.70
3.74
3.69
3.45
3.57
3.38
3.32
3.18
3.14
3.25
4.06
4.51
4.58
4.27
3.93
3.73
3.28
3.28
3.64
4.22
4.52
4.61
4.59
3.91
3.42
3.29
3.36
3.63
3.30
3.13
3.03
3.18
3.59
3.63
4.00
4.55
4.58
4.15
3.75
3.41
3.39
3.57
3.93
4.38
4.80
4.85
4.78
4.18
3.80
3.81
3.92
3.92
3.66
3.85
3.64
3.65
3.86
4.23
4.59
5.00
4.81
4.35
4.02
4.02
4.01
4.17
4.47
4.61
5.10
5.27
5.18
4.70
4.71
4.32
4.25
3.77
3.55
3.44
3.26
3.36
3.55
4.04
4.18
4.62
4.72
4.17
3.83
3.55
3.48
3.58
4.06
4.55
5.01
4.99
4.75
4.52
4.37
3.97
3.62
3.64
3.50
3.38
3.30
3.17
3.24
3.27
3.91
4.94
4.92
4.48
4.04
3.82
3.67
3.74
3.98
4.47
4.85
4.98
4.77
4.26
4.15
3.91
3.85
4.64
4.11
4.06
3.89
4.01
3.91
3.81
4.55
5.40
6.01
5.61
4.70
4.19
2.83
2.89
3.07
4.02
5.61
5.53
5.65
4.83
3.93
3.73
3.68
3.75
3.61
3.47
3.54
3.46
3.54
3.71
3.71
4.33
4.07
4.03
4.03
4.03
3.67
3.70
3.53
4.28
5.04
5.25
5.58
5.19
4.46
3.92
3.62
4.21
4.17
3.95
3.62
3.33
3.18
3.93
4.50
4.82
4.59
4.26
3.92
3.85
3.64
3.50
3.79
4.50
4.99
5.15
5.18
4.54
4.01
3.78
3.34
3.19
3.20
3.09
2.98
2.94
2.97
3.71
4.20
4.81
4.67
4.26
3.88
3.47
3.34
3.47
4.00
4.45
4.88
4.85
4.40
4.15
3.77
3.34
3.02
3.19
3.22
3.30
3.28
3.17
3.16
3.54
4.27
4.91
4.54
3.96
3.59
3.17
3.19
3.17
3.52
4.08
4.59
4.62
4.28
3.91
3.77
3.46
3.37
3.28
3.39
3.30
3.21
3.33
3.47
3.99
4.55
5.16
5.10
4.66
4.00
3.44
3.28
3.45
3.49
4.14
4.74
4.90
4.69
4.37
4.21
3.76
3.53
3.38
3.39
3.38
3.32
3.26
3.30
3.50
4.47
5.22
5.27
4.92
4.58
4.06
4.11
4.28
4.46
4.65
5.04
5.54
5.49
5.12
4.57
4.33
4.28
4.86
5.01
4.70
4.60
4.49
4.55
4.47
4.82
5.50
5.10
4.99
4.76
4.52
4.29
4.55
4.77
5.27
5.96
6.27
6.05
5.73
5.33
4.95
4.89
5.47
5.37
5.10
5.07
5.23
5.12
5.22
5.14
5.44
5.28
5.13
4.90
4.99
4.89
4.79
4.80
5.29
5.48
5.90
5.71
5.44
4.91
4.80
4.84
4.83
4.85
4.71
4.61
4.49
4.18
4.46
5.06
5.13
5.07
4.67
4.48
4.00
3.76
3.75
4.30
4.70
5.04
5.17
5.21
4.71
4.60
3.91
3.81
3.86
3.88
3.78
3.57
3.54
3.37
3.73
4.28
4.79
4.66
4.18
3.89
3.67
3.58
3.58
3.80
4.26
4.80
5.25
5.12
4.29
4.25
3.72
3.61
3.52
3.50
3.28
3.31
3.06
3.22
3.68
4.30
4.68
4.36
4.00
3.66
3.40
3.29
3.41
3.85
4.32
4.78
5.19
5.25
4.56
4.56
4.06
4.02
3.41
3.31
3.21
3.24
3.34
3.44
4.17
4.89
5.13
5.09
4.95
4.44
4.30
3.68
3.57
4.31
4.54
5.31
5.35
5.34
4.85
4.65
4.21
3.99
3.68
3.68
3.65
3.53
3.44
3.67
4.09
4.99
5.83
6.05
5.52
4.93
4.19
3.92
4.08
4.35
4.93
5.48
5.45
5.43
5.20
4.94
4.36
4.02
3.54
3.64
3.56
3.38
3.54
3.58
3.84
4.56
5.21
5.02
4.84
4.31
3.80
3.76
3.82
3.91
4.56
5.68
6.40
6.09
5.79
4.87
4.56
4.39
3.98
4.33
4.24
4.11
4.21
4.25
4.33
4.44
4.52
4.64
4.66
4.45
4.67
4.09
4.08
3.95
4.24
5.41
6.03
5.50
5.00
4.25
4.17
4.31
4.19
3.99
3.84
3.87
3.96
3.96
4.20
5.04
5.40
5.37
5.19
4.91
4.50
4.28
4.52
4.79
4.88
5.33
5.67
5.60
5.53
4.74
4.37
3.96
3.75
3.67
3.53
3.54
3.44
3.37
3.51
4.62
4.98
4.46
4.11
3.76
3.47
3.23
3.29
3.72
4.12
5.15
5.42
5.16
4.70
4.23
4.01
4.16
4.16
3.80
3.77
3.69
3.77
3.61
4.60
5.20
5.40
5.29
4.80
4.50
4.22
4.16
4.32
4.55
4.81
5.23
5.24
5.15
4.30
4.16
3.93
3.77
4.07
3.73
3.79
3.65
3.71
3.66
3.87
4.20
5.11
5.00
4.62
4.50
4.16
3.99
4.12
4.30
4.79
5.16
5.49
5.37
5.01
4.82
4.05
4.04
4.10
3.77
3.58
3.59
3.60
3.76
4.90
5.32
5.44
5.54
5.19
4.98
4.67
4.54
4.43
4.49
4.93
5.43
5.72
5.71
5.25
4.73
4.18
4.25
4.77
4.71
4.01
3.92
3.95
4.09
4.72
5.36
6.04
5.97
5.77
5.34
4.20
4.26
4.18
4.33
5.11
6.18
6.71
6.64
6.02
4.69
4.35
4.56
5.36
5.16
5.08
5.09
5.15
4.96
4.86
4.91
5.61
5.70
5.64
4.97
4.71
4.79
5.04
5.03
5.61
5.25
6.14
6.42
6.10
5.51
5.34
5.28
5.93
5.80
5.58
5.79
5.79
5.23
5.65
5.67
5.56
5.17
4.77
4.28
3.48
3.40
3.50
3.74
4.71
5.18
5.47
5.51
5.23
4.61
4.64
4.61
4.47
4.46
4.50
4.25
4.35
4.02
4.67
4.85
5.12
4.92
4.66
4.35
4.11
4.11
3.92
4.06
4.45
4.81
5.29
5.12
4.92
5.15
4.73
4.26
3.98
3.86
3.83
3.79
3.60
3.71
4.24
4.27
4.74
4.61
4.47
4.49
4.28
4.35
4.09
4.07
4.28
4.79
5.33
5.17
4.87
4.65
4.51
4.04
3.57
3.67
3.54
3.69
3.71
3.69
4.54
4.56
4.84
4.63
4.19
3.87
3.83
3.86
3.71
3.74
4.07
4.72
5.07
4.83
4.82
4.19
4.04
4.09
3.71
3.74
3.75
3.67
3.46
3.74
4.19
4.59
5.01
4.85
4.36
4.27
4.30
4.05
4.12
4.44
4.65
4.90
4.98
4.96
5.03
4.46
4.35
4.26
4.22
4.13
3.91
4.03
4.07
4.02
4.08
4.22
4.82
5.04
4.86
4.25
3.48
3.23
3.29
3.43
4.15
5.33
5.96
5.57
5.42
4.71
4.17
4.09
4.20
4.03
3.62
3.59
3.79
3.83
3.94
4.02
4.03
3.66
3.32
3.39
3.06
2.94
3.03
3.28
3.69
4.78
5.41
5.93
5.53
4.73
4.12
3.90
3.75
3.57
3.42
3.31
3.34
3.30
3.79
4.50
4.71
4.18
3.99
3.61
3.18
2.94
3.06
3.42
4.32
5.09
5.77
5.82
5.94
4.95
4.45
4.17
3.98
4.00
3.78
3.62
3.69
3.95
4.77
4.65
4.88
4.68
3.99
3.83
3.44
3.31
3.38
3.82
4.53
5.08
5.38
5.56
5.45
4.96
4.04
3.51
3.82
3.69
3.53
3.45
3.29
3.57
4.50
4.33
4.83
4.51
4.18
3.78
2.99
2.88
3.18
3.62
4.48
5.22
5.35
5.29
4.94
4.48
4.07
3.69
3.50
3.64
3.39
3.16
3.02
3.36
4.16
4.63
5.13
4.78
4.24
3.67
3.21
3.10
3.39
3.64
4.22
4.78
5.15
5.25
5.03
4.65
3.98
3.94
3.86
3.73
3.63
3.53
3.43
3.46
4.24
4.88
5.14
4.76
4.02
3.84
3.29
3.13
3.60
4.01
4.56
5.03
5.18
4.90
4.85
4.42
3.87
3.87
3.73
3.94
3.48
3.58
3.64
3.47
3.77
4.75
5.43
4.83
4.06
3.43
3.25
3.22
3.26
3.53
4.41
5.48
6.25
6.22
5.89
5.01
4.20
4.09
4.45
4.45
4.47
4.50
4.36
4.32
4.39
4.40
4.87
4.99
4.73
4.10
3.63
3.68
3.77
4.20
4.36
5.03
5.35
6.11
5.83
5.34
4.53
4.36
4.30
4.15
4.00
3.97
3.82
3.61
4.58
4.48
5.04
4.65
4.29
3.61
3.12
3.05
2.93
3.01
3.83
4.59
5.17
5.11
4.99
3.74
3.49
3.54
3.02
2.87
2.95
2.90
3.02
3.01
4.01
4.92
5.27
4.70
3.63
3.01
2.83
2.97
2.89
3.17
4.36
4.89
5.28
5.33
5.43
4.35
3.68
3.67
3.33
3.56
3.47
3.51
3.55
3.37
3.51
4.13
4.64
3.81
3.06
2.91
2.82
2.70
2.80
3.25
3.60
4.66
5.26
5.21
4.99
4.21
3.75
3.84
3.52
3.24
3.28
3.34
3.31
3.29
4.98
5.29
5.26
4.37
3.56
3.00
2.70
2.75
3.19
3.79
4.47
5.45
5.72
5.66
5.61
4.40
3.94
3.84
3.49
3.20
3.40
3.37
3.36
3.36
4.89
5.37
5.35
4.43
3.54
3.18
2.85
2.87
3.06
3.55
4.34
5.47
5.95
6.01
5.65
4.98
4.18
3.87
4.32
4.22
3.95
4.00
4.00
4.02
5.15
5.19
4.81
4.29
3.51
3.35
3.19
3.11
3.21
3.52
3.90
5.32
5.93
6.26
5.94
4.94
4.57
4.12
4.61
4.78
5.33
5.11
5.18
5.03
5.50
6.05
5.61
5.04
4.40
3.80
3.59
3.28
3.39
3.76
4.64
5.37
5.22
5.41
5.21
4.73
4.14
4.25
4.26
4.12
3.80
3.75
3.69
3.76
4.43
5.09
5.14
4.09
3.38
2.98
2.68
2.67
2.65
3.41
4.29
5.21
5.66
5.88
5.30
4.29
4.22
4.05
4.42
4.23
4.06
3.55
3.33
3.59
4.81
5.30
5.03
3.81
3.26
3.10
2.94
2.94
3.04
3.40
3.99
4.81
5.21
5.62
5.63
5.17
4.24
3.86
3.91
3.74
3.55
3.58
3.50
3.74
4.89
5.38
5.02
4.17
3.43
3.33
3.00
3.08
3.13
3.44
3.94
4.83
5.09
5.34
5.22
4.28
3.71
3.65
3.62
3.40
3.47
3.36
3.19
3.50
4.81
4.73
4.82
4.21
3.74
3.28
2.87
2.87
2.81
3.21
3.92
4.73
5.10
5.20
5.15
4.34
3.84
3.79
3.87
3.64
3.52
3.54
3.46
3.73
4.17
4.75
4.99
4.63
4.00
3.82
3.12
2.96
2.97
3.19
3.88
4.61
5.22
5.56
5.09
4.17
3.79
3.81
4.99
4.05
4.01
3.92
3.98
4.12
4.82
5.46
6.19
5.23
4.60
4.18
3.46
3.42
3.39
3.58
4.47
5.34
6.02
5.97
5.49
4.69
4.17
4.16
4.99
4.23
3.79
3.79
4.15
4.52
4.75
4.37
4.03
3.71
3.66
3.70
3.54
3.23
3.45
3.65
4.47
4.88
5.25
5.97
5.89
5.03
4.50
4.15
3.71
3.63
3.51
3.41
3.20
3.30
5.00
5.19
5.03
4.42
3.63
3.39
2.90
3.03
3.31
3.45
3.94
4.69
5.20
5.37
5.19
4.36
4.23
3.72
3.38
3.31
3.38
3.42
3.49
3.30
4.21
4.71
4.89
4.25
3.47
3.04
2.84
2.89
3.00
2.99
3.48
4.23
5.14
5.10
4.61
4.00
3.56
3.44
3.64
3.48
3.45
3.27
3.20
3.54
4.09
4.74
4.68
4.18
3.29
3.08
2.56
2.57
2.59
2.71
3.33
3.96
4.85
5.20
4.99
4.06
3.73
3.56
3.59
3.81
3.90
3.75
3.84
3.75
4.85
4.83
4.64
4.21
3.60
3.23
3.02
2.97
3.13
3.75
4.05
4.35
4.78
4.91
5.14
4.39
3.60
3.86
4.10
3.71
3.49
3.49
3.51
4.06
4.72
5.14
5.06
4.51
3.90
3.75
3.46
3.60
3.77
4.24
4.63
5.04
5.67
6.03
6.06
4.94
4.44
4.40
5.00
4.86
4.59
4.54
4.60
4.54
5.35
5.68
5.95
5.69
5.07
4.01
3.18
3.18
3.26
3.73
5.22
6.43
6.90
7.05
6.73
5.77
5.23
4.77
5.25
5.21
4.93
4.82
4.92
4.95
5.04
5.13
4.80
4.33
4.38
4.74
4.13
3.44
3.37
3.46
5.08
5.07
5.78
6.34
6.11
5.29
4.69
4.40
4.46
4.45
4.45
4.11
4.16
3.93
4.57
5.24
4.97
4.20
3.57
3.52
3.17
3.23
3.29
3.59
4.41
4.74
5.15
5.46
5.28
4.51
3.99
3.79
3.81
3.58
3.40
3.35
3.52
3.24
4.39
4.66
4.88
4.35
3.56
3.22
2.76
2.80
3.09
3.55
4.17
5.11
5.87
5.87
5.75
4.72
4.36
4.03
3.61
3.56
3.35
3.40
3.37
3.32
4.17
4.50
4.62
3.88
3.37
3.30
3.10
3.19
3.07
3.43
3.76
4.74
5.54
5.70
5.52
4.83
3.91
3.78
3.61
3.45
3.54
3.51
3.54
3.61
4.04
4.43
4.48
4.04
3.47
3.24
2.96
2.96
3.05
3.47
3.98
4.55
5.18
5.12
4.92
4.25
3.66
3.33
3.23
3.23
3.23
3.38
3.48
3.53
3.85
4.20
4.28
3.44
2.80
2.73
2.63
2.75
2.96
3.29
3.58
4.65
4.99
5.22
4.87
4.66
3.76
3.21
3.64
3.27
3.30
3.18
3.11
3.14
3.94
4.29
4.52
4.28
4.67
4.30
3.65
3.20
3.09
3.18
3.80
4.25
5.06
5.63
5.25
4.30
3.78
3.92
4.08
4.35
4.18
4.07
4.13
3.85
4.20
4.32
4.05
3.59
3.15
2.92
2.72
2.83
2.83
2.91
3.47
4.33
5.64
5.81
6.08
5.14
4.25
3.91
4.26
4.33
4.16
4.13
3.90
3.61
4.56
4.71
4.59
3.92
3.27
2.53
2.29
2.23
2.30
2.41
3.15
3.64
4.78
5.03
4.91
3.94
3.36
3.03
2.92
2.91
2.81
2.94
2.93
2.87
3.69
4.04
4.21
3.70
3.32
2.75
2.59
2.81
2.74
2.39
3.19
4.06
4.80
5.02
5.10
4.43
3.60
3.23
3.17
3.17
3.03
2.98
3.09
3.10
4.00
4.48
4.34
3.46
2.77
2.41
2.19
2.24
2.29
2.49
2.93
4.03
4.75
5.36
5.04
4.02
3.64
3.34
3.50
3.58
3.40
3.46
3.42
3.43
4.51
4.83
4.66
3.66
2.84
2.55
2.35
2.31
2.39
2.73
3.48
4.42
5.15
5.44
5.33
4.84
3.90
3.79
3.71
3.45
3.29
3.36
3.40
3.58
4.07
4.13
4.21
3.97
3.48
3.01
2.81
2.51
2.77
3.10
3.51
4.40
5.15
5.73
5.07
4.81
4.37
3.87
3.97
3.67
3.76
3.93
3.96
3.81
3.85
4.26
4.45
4.43
3.92
3.69
3.53
3.67
3.53
3.37
4.28
4.91
5.89
6.07
5.29
5.11
4.83
4.10
4.20
4.36
4.05
4.04
3.90
4.05
4.42
4.73
5.03
4.54
3.59
3.34
3.45
3.58
3.57
3.68
4.58
5.79
5.90
6.04
5.61
4.54
4.22
4.25
3.96
3.99
4.03
4.02
3.59
4.64
4.89
5.03
4.56
3.83
3.00
2.54
2.65
2.61
2.83
3.10
3.82
4.70
5.31
5.14
4.38
3.64
3.73
3.84
3.86
4.10
4.05
4.27
4.23
4.58
5.34
5.36
4.69
3.52
3.15
2.71
2.71
2.56
2.68
3.08
3.58
4.50
5.77
5.55
4.53
3.81
3.89
4.28
4.21
4.39
4.58
4.66
4.31
5.11
5.16
5.12
4.40
3.56
3.47
3.07
3.05
3.20
3.21
3.76
4.57
5.53
6.38
6.22
5.74
4.93
5.00
4.66
4.67
4.67
4.81
4.93
4.97
5.11
5.37
5.30
4.55
3.90
3.50
3.24
3.18
3.14
3.33
3.76
4.16
4.98
5.80
6.24
5.77
5.25
4.98
5.59
5.60
5.70
5.33
5.24
5.23
5.88
6.37
6.56
5.77
4.78
4.07
3.86
3.86
3.90
4.10
4.68
5.17
6.29
6.90
6.62
6.38
6.29
6.20
6.40
6.73
6.92
7.06
6.87
6.72
6.85
7.02
6.64
6.14
5.63
5.07
4.76
4.37
4.46
4.54
5.38
6.14
7.06
7.73
7.53
7.24
6.52
6.33
7.46
7.31
7.51
7.39
7.44
7.16
7.64
7.33
6.50
5.87
5.26
4.61
4.44
4.13
4.13
4.09
4.67
6.06
6.88
7.21
7.21
6.62
6.19
6.29
6.38
6.63
6.61
6.57
6.21
5.84
6.09
6.01
5.72
5.09
4.35
4.22
3.81
3.82
3.95
4.12
4.86
5.90
6.64
7.05
6.90
7.04
7.00
7.19
6.12
6.49
6.51
6.50
6.22
5.79
5.62
5.75
5.89
5.49
4.85
4.38
4.02
3.66
4.07
3.98
4.20
4.47
4.77
5.31
5.54
5.01
4.59
4.47
4.67
4.51
4.03
4.03
4.09
4.01
4.88
5.24
4.92
4.38
3.81
3.31
3.00
3.13
3.34
3.30
3.37
3.57
4.21
5.07
5.48
4.97
4.57
4.20
4.29
4.00
3.91
3.72
3.66
3.93
4.66
5.25
5.12
4.18
3.64
3.12
3.02
2.77
2.61
2.74
2.95
3.56
3.99
5.36
5.37
5.20
4.53
4.34
4.44
4.15
4.00
3.78
3.80
3.72
5.04
5.42
5.50
4.92
4.01
3.48
2.85
3.05
2.84
2.98
3.27
3.52
4.42
5.35
5.74
5.33
4.62
4.22
3.94
4.23
4.41
4.41
4.32
4.17
3.98
3.92
4.50
4.13
3.81
3.32
3.15
3.42
3.59
3.88
3.87
3.98
5.01
5.54
5.87
5.20
4.30
3.84
4.31
4.34
4.16
4.42
4.81
4.83
4.93
5.11
5.46
5.39
5.22
4.60
4.45
4.54
4.95
5.18
5.27
5.54
5.96
6.83
7.03
6.21
5.45
4.83
5.01
4.84
4.75
4.86
4.60
4.38
4.89
5.05
5.20
5.17
4.82
4.48
4.43
4.17
3.97
4.02
4.25
4.26
4.45
5.35
5.47
5.27
4.38
4.18
4.69
3.90
3.90
3.70
3.94
3.77
4.63
5.16
5.16
5.08
4.79
4.38
3.91
3.92
3.57
3.53
3.49
3.68
4.41
5.24
5.43
5.07
4.58
3.84
4.38
3.77
3.63
3.56
3.46
3.58
4.45
4.89
4.90
4.74
4.38
3.97
3.65
3.32
3.38
3.45
3.34
3.86
4.55
5.15
5.47
4.81
4.23
3.90
3.59
3.60
3.55
3.53
3.46
3.61
4.65
5.20
5.20
5.00
4.36
3.93
3.40
3.16
3.27
3.20
3.42
3.68
4.25
4.81
5.05
4.70
4.04
3.73
4.03
3.77
3.87
4.14
4.23
4.07
4.83
5.37
5.24
4.81
3.82
3.28
3.16
3.03
3.16
3.06
3.22
3.50
4.29
5.14
5.24
5.35
4.81
4.03
4.10
3.84
3.74
3.76
3.87
3.61
3.55
3.82
4.35
4.43
4.13
3.58
3.14
2.94
2.92
2.88
2.90
3.52
4.65
5.35
5.73
5.66
4.92
4.49
4.19
3.76
3.70
3.79
3.64
3.54
3.71
3.94
4.16
4.00
3.93
3.74
3.24
3.07
3.19
3.06
3.11
3.40
4.12
4.99
5.45
5.02
4.66
4.40
4.35
3.50
3.44
3.31
3.34
3.65
3.97
4.57
4.63
4.27
3.68
3.38
3.08
2.98
2.93
2.95
2.94
3.26
3.92
4.61
4.66
4.66
4.31
3.76
3.47
3.07
3.07
2.94
2.83
3.12
3.95
4.55
4.59
3.88
3.11
2.80
2.61
2.42
2.29
2.29
2.42
2.87
4.05
4.87
4.91
4.37
3.90
3.34
2.98
2.80
2.79
2.84
2.84
2.75
3.90
4.42
4.28
3.55
3.03
2.95
2.89
2.72
2.48
2.51
2.62
3.20
3.75
4.41
4.53
4.02
3.44
2.92
2.80
2.88
2.96
3.05
3.06
2.89
3.37
3.83
4.19
3.78
3.40
2.88
2.51
2.53
2.46
2.45
2.44
2.68
3.42
4.54
4.87
4.07
3.72
3.25
3.07
3.25
3.29
3.34
3.34
3.07
4.01
4.40
4.84
3.93
3.19
2.72
2.76
2.69
2.65
2.68
2.78
3.16
3.56
4.84
5.01
4.51
3.88
3.85
4.29
4.33
4.40
4.53
4.57
4.53
4.50
4.45
4.34
3.92
3.64
3.12
2.93
2.98
2.97
3.14
3.25
4.26
5.84
7.53
7.44
6.77
5.65
4.94
5.47
5.02
4.71
4.74
5.09
5.14
5.41
5.22
5.44
4.93
4.30
4.14
3.84
3.47
3.51
3.60
3.99
5.03
5.84
6.97
7.43
7.05
5.77
5.31
5.11
5.28
5.28
5.11
4.71
4.49
4.62
5.30
5.58
5.12
4.53
4.08
3.90
3.82
3.92
3.68
4.14
4.50
5.00
5.62
5.67
5.18
4.31
4.49
4.84
4.88
4.90
4.76
4.59
4.45
5.05
5.52
5.68
5.20
4.90
4.47
4.18
3.80
3.74
3.52
3.65
3.90
4.66
5.65
5.86
5.19
4.40
4.18
3.92
4.05
4.01
4.13
4.03
3.78
4.63
5.15
5.32
5.23
4.79
4.17
3.58
3.21
3.08
3.07
3.13
3.35
4.06
5.06
5.30
4.64
4.13
4.02
4.22
4.51
4.51
4.68
4.80
4.57
4.28
5.26
5.73
5.50
4.93
4.34
4.39
4.19
4.11
4.00
4.70
4.65
4.93
5.56
5.67
5.27
4.71
4.36
4.22
4.60
5.00
5.21
5.02
4.50
4.76
5.54
5.72
5.36
4.51
4.10
3.63
3.61
3.76
3.93
4.26
4.61
5.29
6.31
6.36
5.91
5.41
5.32
5.58
5.53
5.56
5.55
5.56
5.92
6.60
6.59
6.59
6.47
6.07
5.59
4.89
5.16
5.36
5.46
6.44
6.84
7.64
7.99
8.37
8.09
7.76
7.58
7.90
8.50
7.86
7.82
8.35
8.30
8.25
8.14
7.47
6.50
6.06
5.52
5.41
5.14
5.21
5.44
6.12
6.58
7.33
7.80
7.89
7.83
7.31
7.19
7.24
7.37
6.89
6.87
7.30
6.54
6.55
6.97
6.46
5.82
5.25
4.54
4.41
4.31
4.17
4.33
4.64
5.14
5.74
6.60
6.70
6.27
5.58
5.34
5.32
5.24
5.27
5.32
5.03
5.06
6.41
6.75
6.31
5.47
4.60
4.32
4.06
3.83
3.79
3.99
4.20
4.93
5.62
6.47
6.71
5.96
5.69
5.36
5.55
5.61
5.84
5.88
5.67
5.38
5.63
6.68
6.50
5.73
4.92
4.38
3.97
4.07
3.97
3.94
3.95
4.59
5.00
5.94
6.28
5.97
6.01
5.37
5.30
5.15
5.49
5.50
5.50
5.18
5.47
6.24
5.86
5.25
4.64
4.08
3.68
3.82
3.64
3.76
4.10
4.65
5.41
6.27
6.35
6.18
6.15
5.23
5.45
5.22
5.64
5.62
5.42
5.41
6.14
6.73
6.46
5.97
5.29
4.56
4.15
4.05
3.83
3.85
4.20
4.87
5.62
6.41
6.84
6.69
6.36
5.77
5.87
6.32
6.66
6.65
6.42
6.22
5.93
5.83
6.34
5.96
5.60
4.99
4.36
4.36
4.12
4.32
4.66
5.40
6.07
6.73
6.99
6.49
6.26
6.71
6.38
6.42
6.95
7.02
6.97
6.50
6.72
6.42
5.94
5.18
4.68
4.49
4.16
4.39
4.39
4.37
5.14
6.07
7.19
7.78
7.76
7.37
6.70
7.04
7.16
7.34
7.41
7.41
7.11
6.94
6.73
6.39
6.22
5.80
5.33
4.95
4.36
4.44
4.64
4.93
5.16
5.70
6.55
7.00
6.80
6.83
6.67
6.32
6.54
7.09
7.26
7.31
7.13
6.86
6.92
7.15
7.31
6.99
6.75
6.56
6.04
5.76
5.71
5.87
5.94
5.85
6.16
6.53
6.75
6.89
7.38
8.12
8.20
8.19
8.25
8.04
8.21
7.79
7.26
7.10
6.60
6.27
6.06
5.80
5.49
5.49
5.40
5.34
5.47
6.35
6.90
7.23
7.39
7.37
7.43
7.79
9.15
9.33
9.08
9.12
9.28
8.83
8.59
8.37
7.76
7.16
7.05
6.62
6.04
6.32
6.28
6.30
6.67
7.25
7.82
7.91
8.04
8.11
8.40
8.61
8.31
8.51
8.92
8.87
8.73
8.47
8.51
8.15
7.54
7.02
6.60
6.37
6.23
6.28
6.30
6.86
7.64
7.97
8.58
8.90
8.83
8.85
8.72
9.17
9.55
9.44
10.02
9.64
9.65
9.70
9.25
8.92
8.42
8.17
7.63
7.19
6.43
6.54
6.90
7.14
7.26
8.30
8.98
8.95
9.10
9.18
9.46
9.14
9.79
9.97
9.84
9.75
9.78
9.91
10.04
9.55
9.12
8.82
8.36
8.05
7.84
8.07
8.59
8.21
8.47
8.47
8.87
9.34
9.85
9.73
9.42
9.11
9.89
9.63
9.62
9.41
9.17
9.14
8.12
8.30
7.78
7.06
6.69
6.15
5.62
5.28
5.13
5.58
5.61
6.01
6.74
7.69
8.01
7.74
7.66
7.27
7.71
8.01
7.78
7.59
7.48
7.61
8.26
7.83
7.41
6.76
6.38
6.06
5.53
5.30
5.19
5.28
6.16
6.87
7.90
8.58
8.60
8.32
8.15
8.21
8.26
8.86
8.76
8.58
8.75
8.56
8.22
8.52
7.91
7.13
6.38
5.93
5.45
5.08
5.10
5.37
6.06
6.66
7.60
8.11
8.34
8.08
7.90
7.70
7.99
8.46
8.03
7.91
7.87
7.83
7.79
7.78
7.61
6.73
6.12
5.61
4.99
5.18
5.00
5.17
5.68
6.35
6.93
8.09
8.48
7.88
7.67
7.63
7.81
7.33
7.06
6.92
6.90
7.04
7.45
7.96
7.59
7.02
6.09
5.44
5.13
5.30
5.25
5.44
5.91
6.31
7.15
7.92
8.45
8.14
7.69
7.67
8.28
8.60
8.63
9.04
9.04
9.17
8.99
9.01
8.49
7.84
7.25
6.70
6.49
6.60
7.05
7.32
8.21
8.89
9.33
10.04
9.63
9.62
9.72
9.50
8.60
8.80
8.77
8.56
8.69
8.21
8.10
8.13
7.74
7.03
6.75
6.14
5.81
5.78
5.81
6.40
6.92
7.62
8.51
8.77
8.81
8.88
8.51
8.42
8.97
8.79
8.69
8.95
8.50
8.42
8.27
7.82
7.88
7.66
6.87
6.39
6.24
6.07
5.89
6.31
6.32
6.41
6.83
7.19
7.38
7.23
7.06
7.93
8.35
8.60
8.69
8.37
8.10
7.66
7.49
7.75
7.16
6.66
6.08
5.74
5.57
5.43
5.40
5.72
6.15
6.35
6.78
7.73
7.93
7.96
7.49
7.18
7.40
7.47
7.31
7.03
7.11
7.13
7.53
7.63
7.34
6.55
5.79
5.23
4.99
4.93
5.04
5.12
5.29
6.30
6.62
7.41
7.65
7.61
7.47
6.91
6.59
6.31
6.43
6.36
6.16
6.30
6.96
7.29
7.01
6.20
5.45
5.15
4.82
4.77
4.87
4.94
5.42
6.05
7.03
7.89
8.31
8.07
7.45
7.16
6.54
6.55
6.85
6.94
7.01
6.91
7.10
7.67
7.57
6.73
5.80
5.52
5.23
5.13
5.20
5.16
5.56
6.20
7.31
7.75
8.25
8.22
7.80
7.39
7.85
8.08
7.98
7.99
8.22
8.38
8.48
8.11
7.77
7.16
6.67
6.20
5.96
6.08
6.24
6.20
6.79
7.46
8.23
9.08
9.27
9.00
8.72
9.11
8.96
8.80
9.07
8.74
7.84
7.39
7.73
8.63
8.24
7.70
7.16
6.41
6.07
6.22
6.38
6.38
6.73
7.60
8.29
9.08
9.17
9.00
8.43
8.59
9.48
9.39
8.91
8.91
9.11
8.81
8.82
8.73
8.60
7.36
6.49
6.05
5.82
5.68
5.56
5.82
6.26
6.80
7.25
8.06
8.33
8.09
8.29
8.00
8.23
8.62
8.47
8.40
8.58
8.26
8.33
8.45
8.05
7.00
6.18
6.34
5.70
5.56
5.47
5.61
6.21
6.78
7.42
8.27
8.61
8.02
7.59
7.70
7.65
7.40
7.92
7.57
7.23
7.53
7.56
7.68
7.29
6.92
6.76
6.32
6.57
6.08
6.24
6.65
7.16
7.58
8.42
8.23
8.03
7.86
7.47
7.63
7.73
7.68
7.87
7.78
7.73
7.68
7.30
6.83
6.70
6.13
5.63
5.38
5.43
5.06
5.06
5.46
5.83
6.18
7.02
7.68
7.73
7.42
7.37
7.01
6.87
7.07
7.21
7.74
7.62
7.53
7.30
7.55
7.45
6.80
6.08
5.76
5.42
5.31
5.42
5.67
6.10
6.46
7.02
7.82
7.79
7.89
7.54
7.64
8.12
8.17
8.32
8.13
7.95
8.16
8.28
8.32
8.37
7.60
7.20
6.51
6.69
7.11
7.32
7.39
7.78
8.52
8.74
9.27
9.38
9.28
9.33
9.54
9.61
10.13
10.14
10.33
10.00
9.40
9.61
9.56
8.96
8.52
7.99
7.78
7.41
7.29
7.80
7.82
8.12
8.67
9.57
9.71
9.47
9.34
9.23
9.20
9.10
8.85
8.78
9.01
8.91
8.21
8.41
7.62
7.66
7.12
6.93
6.45
6.43
6.46
6.56
6.63
6.81
7.30
7.72
7.95
8.17
8.00
7.62
7.78
7.48
7.94
7.93
7.80
7.70
7.61
8.08
7.38
7.30
7.06
6.69
6.32
5.96
5.90
5.89
6.28
7.10
7.64
7.72
7.86
7.87
7.65
7.60
7.88
7.63
8.15
8.18
8.02
7.78
7.41
7.55
7.24
7.22
6.81
6.01
5.81
5.73
5.73
5.81
6.08
6.20
6.94
7.58
7.86
8.02
8.05
8.15
8.06
8.08
8.05
8.31
8.38
8.78
8.47
8.42
8.24
7.99
7.43
7.00
6.81
6.62
6.49
6.46
6.56
7.17
7.36
7.61
7.89
7.99
7.88
8.11
8.07
7.92
7.89
8.21
8.35
8.17
7.86
8.71
8.47
8.28
8.07
7.38
6.96
6.83
6.60
6.42
6.83
7.45
7.92
7.95
8.22
8.33
8.27
8.34
8.53
9.35
9.42
9.48
9.41
9.30
9.35
8.92
9.28
9.17
7.83
7.58
6.92
6.82
7.07
6.80
7.08
7.72
8.19
8.78
9.03
9.16
9.04
8.97
9.23
9.74
9.39
9.94
10.59
10.54
9.83
9.78
10.38
9.88
9.15
8.47
7.87
7.19
7.44
7.60
7.81
8.35
9.10
10.00
10.05
9.81
9.48
9.39
9.40
9.16
9.47
9.48
9.49
9.67
9.36
9.02
8.36
7.97
7.49
7.04
6.33
6.11
5.97
6.04
6.01
6.27
6.76
7.56
7.84
7.97
7.91
7.93
7.69
7.73
7.54
7.65
7.70
7.63
7.67
7.95
7.69
7.41
7.03
6.42
6.27
5.92
5.73
5.65
6.00
6.38
6.37
7.00
7.26
7.30
6.97
7.02
7.23
6.96
7.15
7.23
7.28
7.21
7.21
7.37
7.30
6.92
6.43
5.85
5.56
5.35
5.39
5.45
5.61
5.84
6.51
6.91
7.07
7.18
7.26
7.25
6.81
7.23
7.08
7.15
7.20
7.12
7.07
6.94
7.03
6.83
6.49
6.01
5.65
5.41
5.45
5.45
5.58
6.03
6.39
6.90
7.39
7.52
7.30
7.08
7.12
6.88
7.00
7.03
7.05
7.07
7.02
7.15
7.15
7.13
6.88
6.11
5.68
5.55
5.57
5.54
5.68
6.07
6.47
6.98
7.28
7.37
7.35
6.99
7.31
8.39
8.28
8.41
8.95
8.97
9.14
8.91
8.29
8.06
7.59
7.24
7.13
6.68
6.43
6.59
6.95
7.43
7.90
8.45
9.02
9.36
9.36
8.68
8.74
9.14
9.44
9.52
10.04
10.19
9.66
9.89
9.72
9.44
9.08
8.26
7.76
7.74
7.70
7.51
7.94
8.53
9.02
9.16
8.88
8.60
8.60
8.41
8.52
8.77
8.99
8.88
8.75
8.52
8.25
7.68
7.48
7.02
6.48
6.21
5.50
5.12
5.14
5.53
5.60
5.96
6.51
7.03
7.32
7.50
7.39
7.28
7.57
7.73
7.64
7.54
7.46
7.65
7.60
7.23
7.11
6.84
6.35
6.11
5.93
5.41
5.48
5.72
5.87
6.06
6.29
6.64
7.01
7.09
7.26
7.17
7.39
7.59
7.19
7.41
7.35
7.27
6.93
6.70
6.96
6.47
6.05
5.80
5.54
5.23
5.30
5.42
5.80
6.06
6.17
6.64
6.92
6.73
6.83
6.83
6.87
6.99
7.06
7.14
6.94
6.71
6.59
6.54
6.92
6.63
6.30
6.09
5.89
5.24
5.16
5.53
5.93
6.02
6.28
6.45
6.73
6.85
6.93
6.82
7.07
7.38
7.28
7.04
6.87
6.82
7.16
6.94
6.86
7.11
6.62
6.27
5.86
5.41
5.41
5.61
5.82
6.19
6.68
7.18
7.54
7.30
7.18
6.88
7.10
7.58
7.19
7.26
7.07
7.00
7.07
7.29
7.85
8.07
7.62
6.62
6.27
6.12
6.19
6.28
6.45
6.77
7.36
7.84
8.62
8.29
8.38
8.24
8.16
8.19
8.28
8.14
8.05
8.13
7.96
7.75
7.41
7.30
6.58
6.08
5.84
5.43
5.43
5.64
5.95
6.34
6.93
7.69
7.98
8.31
8.26
7.83
7.92
8.40
8.02
8.00
7.93
7.51
7.37
7.01
6.83
6.67
6.37
5.85
5.62
5.38
5.18
5.63
5.69
6.04
6.52
6.95
7.14
7.14
7.09
6.73
6.86
6.51
6.52
6.37
6.37
6.62
6.73
6.73
7.08
6.77
6.24
6.02
5.87
5.67
5.79
5.75
5.79
6.16
6.35
6.63
6.89
6.97
7.10
6.66
6.41
6.22
6.44
6.60
6.68
6.77
6.64
6.46
6.37
6.86
6.60
6.21
5.96
5.16
4.89
5.15
5.41
5.74
6.08
6.31
6.53
6.77
6.37
5.81
6.12
6.14
6.49
6.66
6.69
6.68
7.12
6.77
6.49
6.41
6.18
5.84
5.48
4.86
4.69
4.74
5.20
5.66
5.86
6.62
6.86
6.92
6.68
6.38
6.12
7.74
7.02
6.68
6.36
6.44
6.56
7.27
7.47
7.27
6.85
6.49
6.15
6.00
5.89
6.01
6.08
6.57
6.79
7.32
7.47
7.73
7.67
7.29
7.22
7.65
7.53
7.73
7.51
7.35
7.36
7.87
7.81
7.95
6.94
6.73
6.07
5.62
5.54
5.77
5.84
6.38
6.93
7.76
8.43
8.78
8.96
8.61
7.92
7.94
8.21
7.90
7.87
8.11
8.63
8.54
8.31
7.56
6.86
7.07
7.13
6.99
7.40
7.11
7.06
7.10
7.18
7.31
7.71
7.91
7.97
7.79
7.66
7.40
7.68
7.68
7.65
7.39
7.14
7.11
6.73
6.71
6.45
6.15
5.79
4.94
4.70
4.63
4.96
5.47
5.87
6.38
7.13
7.54
7.12
6.27
5.96
6.68
6.46
6.32
6.29
6.03
6.14
6.54
6.26
6.12
5.86
5.37
5.09
4.82
4.72
4.53
4.87
5.64
6.03
6.28
6.79
6.80
6.85
6.71
6.35
6.67
6.64
6.06
6.08
6.16
6.07
6.38
6.24
6.33
5.97
5.59
5.48
5.00
4.79
5.28
5.40
5.86
6.23
6.69
6.96
6.96
6.82
6.71
6.99
6.27
6.24
6.12
6.18
6.38
6.34
6.12
6.36
6.55
6.39
6.16
5.83
5.39
5.22
5.29
5.50
5.86
6.55
6.92
7.10
7.24
6.99
6.66
6.74
6.85
6.91
6.75
6.78
6.75
6.54
6.38
6.62
7.00
6.59
6.28
6.08
5.17
5.11
5.26
5.40
6.10
6.79
7.17
7.39
7.15
7.20
6.97
6.67
7.88
7.57
7.48
7.38
7.21
7.48
7.96
7.81
7.67
7.12
6.73
6.12
5.70
5.70
5.96
6.16
6.43
7.02
7.71
8.33
8.70
8.87
8.72
8.44
7.83
7.63
8.12
8.25
8.44
8.18
8.36
8.60
8.61
7.97
7.45
6.90
6.53
6.49
6.52
6.70
7.18
7.79
9.03
9.28
9.03
9.32
9.06
8.43
7.69
7.48
7.98
8.13
7.87
7.21
6.71
7.16
7.12
6.45
5.99
5.62
5.10
4.92
5.38
5.63
5.98
6.66
7.09
7.12
7.25
7.29
6.69
6.76
6.93
6.86
6.71
6.65
6.65
6.62
6.28
6.21
6.86
6.64
6.28
5.98
5.72
5.69
5.86
6.02
5.78
5.98
6.40
6.69
6.81
6.69
6.48
6.30
6.90
7.23
7.40
7.15
7.10
6.93
6.67
6.73
6.75
6.33
6.18
5.85
5.63
5.50
5.40
5.39
5.76
6.48
6.69
7.27
7.40
7.24
6.77
6.79
7.33
7.17
7.32
7.39
7.35
7.19
6.59
7.00
7.14
6.56
6.33
6.54
5.99
5.63
5.93
5.91
6.06
6.39
7.05
7.74
7.80
7.62
7.07
6.79
6.70
6.82
7.07
7.05
7.24
7.11
6.84
7.32
7.97
7.58
7.30
7.00
6.31
5.70
5.86
5.87
6.25
6.62
7.04
7.43
7.40
7.33
6.89
6.78
8.07
7.56
7.40
6.95
6.83
6.72
7.77
7.58
7.79
7.53
7.07
7.00
6.40
6.39
6.51
6.40
6.63
7.29
7.88
8.20
8.01
8.07
7.96
8.10
8.55
7.89
7.48
8.30
9.06
9.23
9.23
8.63
8.54
7.91
7.87
8.05
6.89
6.57
6.41
6.29
6.92
8.04
8.37
8.65
8.51
8.53
8.10
8.02
8.65
8.71
8.31
7.99
7.81
7.26
6.80
6.64
6.85
6.55
6.05
5.65
5.16
5.02
5.23
5.32
5.39
5.88
6.45
6.82
6.78
6.64
6.47
6.11
6.72
6.14
6.07
5.84
5.77
5.90
6.83
6.67
6.60
6.24
5.74
5.28
5.09
5.14
5.12
5.23
5.42
5.75
6.16
6.43
6.38
6.30
6.37
6.09
6.23
5.98
5.77
5.76
5.99
5.77
6.08
6.32
6.12
5.99
5.40
4.87
4.27
4.26
4.51
4.77
5.39
5.60
5.93
6.34
6.37
6.20
6.06
5.91
6.17
5.61
5.81
5.65
5.64
5.70
6.23
6.30
6.14
5.85
5.29
5.09
4.53
4.56
4.47
4.78
5.56
5.86
6.35
6.56
6.75
6.56
6.21
6.15
6.03
6.01
6.04
6.07
6.13
6.15
6.54
6.53
6.56
6.34
6.10
5.58
4.66
4.61
4.70
5.02
5.66
5.84
6.32
6.54
6.68
6.24
6.26
6.82
8.02
7.77
7.26
6.70
6.73
6.67
7.77
7.97
7.93
7.61
7.23
6.60
6.11
5.53
5.25
5.72
6.56
6.72
7.59
8.20
8.11
7.75
8.13
8.20
7.69
7.24
6.99
6.88
6.83
7.18
7.47
7.46
7.01
6.66
6.32
5.96
5.96
5.98
5.80
6.35
6.25
6.47
7.01
7.58
7.83
8.11
7.64
6.81
7.17
7.33
7.31
7.38
7.36
6.82
6.91
7.12
6.79
6.53
6.28
6.09
6.21
6.13
6.05
6.21
6.49
6.77
7.12
7.35
7.45
7.42
6.88
6.52
6.20
6.64
6.72
6.71
6.39
6.30
6.48
6.81
7.02
6.68
6.28
6.04
5.73
5.62
5.72
5.90
6.12
6.30
6.86
7.33
7.37
7.31
6.74
6.50
6.48
6.45
6.61
6.71
6.96
6.84
6.46
6.66
6.28
5.86
5.53
5.36
5.09
5.20
5.42
5.57
5.59
5.82
6.04
6.49
6.80
6.62
6.56
6.44
6.38
6.53
6.70
6.61
6.50
6.35
6.18
6.06
6.10
6.06
5.96
5.48
5.45
5.21
5.10
5.12
5.23
5.83
6.34
6.45
6.83
6.32
6.14
6.33
6.59
6.48
6.64
6.70
6.69
6.47
6.44
6.40
6.42
6.45
6.21
6.14
5.43
5.44
5.50
5.69
6.04
6.14
6.40
6.57
6.46
6.41
5.87
6.11
7.27
7.27
7.48
7.39
7.43
7.63
8.23
8.32
8.15
7.75
6.98
6.20
5.44
5.55
5.80
5.92
6.19
7.00
7.90
8.39
8.64
8.60
8.05
8.36
8.51
8.75
8.93
9.08
9.52
9.60
9.32
8.76
7.93
7.91
7.68
7.87
7.66
7.66
7.50
8.20
8.29
8.36
8.72
8.92
8.39
8.81
8.27
8.89
9.29
9.03
8.95
9.07
9.09
8.71
8.05
7.52
7.14
6.82
6.87
6.63
5.96
5.87
5.80
5.77
6.37
6.68
6.89
7.08
6.86
6.65
6.48
6.57
6.69
7.04
6.94
7.06
6.90
6.75
7.09
7.26
7.44
7.19
6.90
6.48
5.82
5.65
5.61
6.16
6.52
7.34
7.64
7.77
7.81
7.79
7.13
6.91
7.43
7.17
7.20
7.00
6.86
6.83
6.96
7.62
7.55
7.21
6.93
6.44
6.43
5.81
5.99
6.43
6.78
6.87
7.18
7.39
7.25
7.03
6.88
7.23
7.53
8.23
8.24
8.12
7.89
7.41
7.84
7.85
7.48
7.10
6.51
6.10
5.38
5.47
5.55
5.76
6.50
6.89
7.69
8.09
8.37
8.17
7.92
7.91
8.18
8.53
8.40
8.40
8.54
8.53
8.90
8.57
7.99
7.81
7.42
6.99
6.22
6.36
6.59
6.80
7.31
7.65
7.97
8.41
8.70
8.52
8.11
7.86
8.75
9.06
8.73
9.13
9.33
9.47
9.73
9.49
8.79
8.24
8.01
7.40
6.75
6.81
7.04
7.04
7.77
8.18
8.78
9.35
9.33
9.43
9.58
9.46
9.69
9.67
9.61
9.36
9.43
9.41
9.84
9.21
8.88
8.56
7.86
7.81
6.99
6.85
6.90
7.32
7.76
8.55
9.20
9.49
9.25
9.50
9.73
9.91
9.28
9.35
9.72
9.93
9.68
9.59
9.64
9.27
8.59
7.70
7.19
6.80
5.97
5.87
6.38
6.52
7.43
7.83
8.38
9.13
9.38
9.02
8.97
8.90
9.85
9.81
9.54
9.62
9.65
9.49
9.50
9.40
8.92
8.67
8.05
7.47
6.67
6.13
6.44
7.06
7.28
7.81
8.74
9.02
9.23
9.04
9.23
9.01
8.59
8.33
8.44
8.46
8.74
8.53
8.71
8.77
8.12
7.33
6.67
6.46
6.33
6.33
6.36
6.50
6.88
7.36
7.89
8.34
8.52
8.40
8.39
8.35
8.42
8.19
7.77
7.77
7.84
8.34
8.31
8.49
7.69
7.03
6.57
6.47
5.94
5.96
6.08
6.25
6.76
7.17
7.54
7.85
7.72
7.85
7.83
7.38
8.49
8.06
7.50
7.43
8.04
8.22
7.79
7.64
7.79
7.48
7.09
6.62
6.75
6.53
6.46
6.60
6.94
7.50
8.01
8.12
8.20
8.26
7.84
7.71
8.26
8.71
7.83
8.15
8.44
8.34
8.38
8.42
7.87
7.28
6.54
6.01
5.84
6.14
6.06
6.11
6.50
7.69
8.88
8.76
8.74
8.90
8.69
8.28
8.19
8.24
8.05
7.35
7.92
7.88
8.30
7.82
7.43
6.89
6.73
6.59
6.46
5.60
5.87
6.46
6.98
7.67
8.14
8.60
8.61
8.55
8.31
8.24
7.20
7.41
8.34
8.56
8.35
7.80
7.85
8.44
8.25
7.51
7.19
6.83
6.65
6.43
6.78
6.82
6.97
7.36
7.89
8.39
8.11
8.29
7.97
7.83
8.16
7.98
7.73
7.56
7.85
7.98
8.22
8.43
8.10
7.46
6.22
5.60
5.54
5.66
5.61
5.79
6.41
7.37
7.97
8.54
8.63
8.68
7.93
7.31
7.42
6.96
7.01
7.27
7.70
7.46
8.10
8.43
8.16
7.54
6.80
6.05
5.32
5.19
5.40
5.74
6.61
7.71
9.07
9.63
9.30
9.53
9.09
8.25
7.31
7.18
7.24
7.29
7.29
7.03
7.29
8.07
7.51
6.89
6.37
6.15
5.67
5.64
5.63
5.90
6.45
7.08
8.03
8.68
8.37
8.18
7.96
7.68
7.60
7.26
7.41
7.30
7.18
7.29
7.24
8.38
7.91
7.18
6.37
5.48
5.24
5.02
5.11
5.36
6.24
7.28
8.59
8.88
8.62
8.56
8.64
8.13
7.53
7.59
7.84
7.95
8.02
7.90
7.49
7.67
7.27
6.55
6.22
5.63
5.19
5.14
5.23
5.49
6.36
6.96
8.69
8.90
8.78
8.84
8.85
8.17
8.71
8.66
8.06
8.18
7.91
7.30
7.31
7.60
7.76
7.25
6.48
6.00
5.69
5.23
5.37
5.70
5.97
7.18
7.96
8.66
8.44
8.47
8.51
7.83
7.34
7.48
8.15
8.09
7.79
7.42
7.45
7.57
7.02
6.74
6.23
6.43
5.85
5.72
5.94
6.31
6.49
6.75
7.38
7.81
7.75
7.80
7.48
6.88
6.19
6.18
6.10
6.22
6.39
6.03
6.88
6.89
6.77
6.14
5.88
5.59
5.27
5.20
5.17
5.34
5.57
6.21
6.77
7.02
7.03
7.20
7.07
6.63
5.87
5.80
6.35
6.45
6.05
6.00
6.25
6.54
6.36
6.29
5.72
5.41
5.00
4.92
4.91
5.21
6.11
6.56
6.93
7.36
7.35
7.74
7.45
7.24
6.36
6.26
6.20
6.37
6.56
6.58
6.82
6.66
6.33
5.91
5.52
4.96
4.68
4.66
4.71
4.93
5.41
5.63
6.38
6.84
6.67
6.53
6.35
6.42
6.00
6.24
6.02
6.18
6.00
5.98
6.19
6.09
6.27
6.18
6.07
5.62
5.02
4.67
4.42
4.73
5.33
5.81
6.27
6.78
6.97
6.85
6.17
5.74
7.03
6.52
6.38
5.91
5.91
6.11
6.33
6.84
7.55
7.31
6.47
5.74
5.02
4.70
4.68
4.92
5.23
6.11
6.92
7.64
7.57
7.14
6.87
6.89
7.14
6.94
6.86
6.74
6.89
6.92
7.06
7.33
6.67
6.18
5.34
5.01
5.11
4.88
4.73
4.94
5.56
6.43
7.24
7.87
7.63
7.71
7.22
6.93
6.95
6.88
6.81
6.58
6.26
6.01
6.15
6.16
5.95
5.32
4.93
4.57
3.88
3.96
4.19
4.82
5.31
5.57
6.02
6.32
6.33
6.16
5.53
5.22
4.87
4.59
4.62
4.67
4.56
4.40
4.98
5.24
5.71
5.24
4.60
4.30
3.75
3.62
4.11
4.39
4.45
5.13
5.46
6.04
6.14
5.91
5.37
4.81
5.03
4.90
4.44
4.39
4.45
4.35
5.03
5.44
5.60
5.18
4.46
4.01
3.11
3.12
3.28
3.49
4.08
4.47
5.22
5.99
5.89
5.40
4.89
5.17
5.45
5.01
4.88
4.90
4.74
4.71
5.64
5.86
5.78
5.19
4.88
4.23
3.67
3.55
3.76
4.18
4.86
5.25
6.11
6.33
6.34
6.36
6.23
5.62
4.87
4.54
4.62
4.82
4.59
4.44
4.77
4.84
5.39
4.48
3.88
3.64
3.20
3.34
3.68
4.01
4.24
4.80
5.19
5.65
5.62
5.37
4.62
4.45
5.20
4.93
4.88
4.68
4.59
4.54
5.50
5.65
5.48
5.00
4.55
3.77
3.83
3.88
3.94
3.72
3.77
4.18
5.02
6.17
6.23
5.29
4.79
4.54
6.23
5.83
5.54
5.45
5.13
5.29
5.93
5.99
5.71
5.34
4.67
4.14
3.99
4.07
4.16
4.17
4.73
5.23
6.63
7.12
7.35
6.70
6.27
5.42
5.31
5.55
5.69
5.49
5.21
4.64
4.56
4.45
4.86
4.56
3.93
3.49
3.18
3.14
3.10
3.42
3.81
4.04
4.78
5.35
5.32
4.68
4.29
4.16
4.22
4.04
3.87
3.96
4.13
4.15
4.84
5.09
5.04
4.32
3.63
3.28
3.16
3.11
3.26
4.03
4.03
4.43
4.94
5.27
5.42
4.56
4.42
4.34
3.95
3.61
3.59
3.64
3.66
3.68
4.92
5.00
4.67
4.07
3.76
3.15
2.95
2.97
3.08
3.51
3.73
4.01
4.69
5.21
5.17
4.39
3.98
4.01
4.56
4.08
4.15
4.53
4.61
4.46
5.23
5.05
4.95
4.57
3.84
3.78
2.95
2.93
3.16
3.39
3.92
4.87
5.65
6.00
5.97
5.14
4.72
4.24
4.27
4.08
4.00
3.90
3.91
4.04
4.14
4.45
4.81
4.21
3.81
3.14
3.00
2.98
2.96
3.16
3.88
4.76
5.07
5.48
5.38
4.51
4.28
4.23
4.48
4.38
4.27
4.42
4.31
4.14
4.15
4.47
5.04
5.12
4.18
3.90
3.44
3.48
3.55
3.60
3.85
4.26
5.76
6.17
6.36
5.97
5.22
4.80
5.15
4.52
4.52
4.61
4.69
4.69
4.82
5.01
4.94
4.31
4.05
3.80
3.57
3.60
3.67
3.79
4.12
4.67
5.73
6.97
7.03
6.73
6.29
5.70
5.07
4.86
4.81
4.81
4.53
4.43
4.58
4.85
4.69
4.27
3.68
3.01
2.90
2.99
3.21
3.22
3.64
4.28
4.99
5.10
5.33
5.22
4.68
4.38
4.03
3.76
3.69
3.70
3.77
3.68
4.15
4.31
4.77
4.37
3.59
3.73
3.53
3.22
3.33
3.45
3.96
4.59
5.10
5.19
5.20
4.61
4.14
3.65
3.83
3.62
3.49
3.46
3.77
3.60
3.61
4.14
4.61
4.48
4.17
3.92
3.71
3.50
3.64
3.60
3.86
4.55
4.91
4.96
5.03
4.26
3.70
3.81
3.80
3.83
3.81
3.80
3.80
3.71
3.55
3.86
4.56
4.48
3.92
3.75
3.66
3.79
3.78
3.77
3.96
4.18
4.54
5.11
4.95
4.28
4.35
4.91
4.94
5.07
5.07
5.05
5.00
4.75
4.38
4.64
5.00
4.82
4.13
3.93
3.52
3.62
3.58
3.63
4.07
4.50
5.23
5.44
5.44
4.86
4.79
4.80
5.74
5.36
5.35
5.47
5.45
5.49
5.72
6.17
6.41
5.76
5.23
4.33
4.16
4.36
4.32
4.45
4.66
5.51
6.24
6.96
7.03
6.41
5.90
5.72
5.64
5.50
5.25
5.31
5.37
5.38
5.71
6.10
6.24
6.08
5.98
5.69
5.22
5.14
5.24
5.20
5.35
6.00
6.36
6.59
6.73
6.70
6.51
6.40
6.75
6.82
6.78
6.68
6.19
5.68
5.06
4.99
4.73
4.37
4.08
3.74
3.49
3.46
3.55
3.65
4.03
4.44
4.85
5.45
5.58
4.93
4.99
5.05
5.41
4.92
4.57
4.54
4.31
4.25
4.39
4.79
4.86
4.56
3.89
3.48
3.21
3.03
3.08
3.22
3.50
3.95
4.73
5.11
5.01
4.66
4.37
4.23
4.49
4.58
4.75
4.83
4.56
4.24
4.25
4.65
4.73
4.31
3.89
3.53
3.00
3.06
3.34
3.68
3.81
4.23
4.96
4.98
4.98
4.55
4.11
3.95
4.56
4.52
4.67
4.64
4.45
4.27
4.37
4.61
4.64
4.26
3.80
3.65
3.10
3.08
3.12
3.41
3.67
4.06
4.86
5.42
5.29
4.94
4.81
4.71
4.99
5.00
4.52
4.45
4.41
4.32
4.95
5.06
5.01
4.74
4.11
3.81
3.78
3.29
3.46
3.46
3.70
4.11
4.97
5.31
5.35
4.88
4.29
4.32
4.87
4.48
4.18
4.05
3.96
4.07
4.98
5.14
4.97
4.42
3.84
3.70
3.72
3.68
3.87
3.82
4.23
4.46
5.34
5.90
6.11
5.40
5.12
4.60
5.20
4.58
4.58
4.45
4.60
4.51
4.88
4.94
5.46
5.59
5.12
5.08
5.41
5.37
5.20
5.42
5.31
5.80
6.06
6.46
6.51
5.88
5.76
5.52
5.33
5.18
5.44
5.16
4.90
4.30
4.09
4.36
4.65
4.49
4.29
3.91
3.40
3.27
3.22
3.61
3.97
4.41
4.83
4.88
5.03
4.51
4.43
3.95
4.34
4.17
4.06
4.14
4.08
3.73
3.71
4.07
4.82
4.92
3.90
3.61
3.24
3.02
2.82
2.94
3.92
4.23
4.72
5.13
5.08
4.31
4.22
4.19
4.50
4.19
4.19
4.15
4.17
3.83
4.44
4.37
4.89
4.55
4.11
3.89
3.30
3.19
3.21
3.53
4.00
4.33
4.89
4.94
5.06
4.27
4.12
4.01
4.00
3.98
3.97
3.76
3.67
3.70
3.74
3.95
4.87
4.84
4.28
3.65
3.30
3.15
3.20
3.23
3.30
3.81
4.60
4.89
4.61
4.09
4.06
3.97
3.88
3.96
4.03
4.10
3.92
3.95
4.22
4.52
4.90
4.58
3.99
3.33
3.13
3.14
3.11
3.27
3.38
4.11
5.09
5.34
5.52
4.56
4.60
4.47
5.23
5.24
4.86
4.37
4.31
4.60
5.17
5.84
5.90
5.33
4.57
3.90
3.61
3.50
3.47
3.59
3.71
4.50
5.90
6.22
6.06
5.25
4.85
4.78
5.06
5.05
5.21
5.49
5.56
5.43
5.33
5.68
5.61
5.03
4.42
4.11
3.90
4.24
4.37
4.64
4.95
5.00
5.39
6.19
6.21
5.64
4.82
4.91
5.25
5.42
5.37
5.38
5.33
4.84
4.67
5.17
5.47
5.14
4.72
4.69
4.08
4.32
4.46
4.42
4.48
4.74
5.31
5.56
5.62
5.05
4.85
4.96
5.18
5.62
5.80
5.98
5.80
5.58
4.92
5.25
5.63
5.25
4.87
4.34
4.48
4.65
4.55
4.49
4.82
5.59
5.80
5.94
5.93
5.75
6.00
6.30
7.34
7.37
7.52
7.30
7.27
7.01
6.62
6.17
6.19
5.73
5.53
5.55
5.45
5.21
5.23
5.33
5.53
5.67
5.97
6.20
6.08
6.06
5.98
6.30
6.68
6.56
6.23
6.44
6.11
5.83
5.97
5.53
5.72
5.77
5.58
5.43
5.57
5.31
5.27
5.31
5.48
5.95
6.16
6.20
6.14
5.63
5.76
6.29
6.79
6.65
6.37
6.50
6.35
6.40
5.74
5.45
5.78
5.57
5.29
5.03
4.80
4.34
4.43
4.78
5.04
5.53
5.88
6.20
5.86
5.65
5.61
5.85
6.54
6.35
6.62
7.08
7.10
6.98
6.92
7.10
6.98
6.42
6.10
5.54
5.07
4.99
4.89
5.00
5.64
6.19
7.25
7.75
7.41
6.81
6.43
6.63
6.88
7.33
7.50
7.50
7.42
7.38
7.06
7.01
6.98
6.27
5.74
5.04
4.46
4.79
4.78
5.13
5.47
5.74
6.83
7.25
6.81
5.90
5.42
5.83
5.64
5.63
5.81
5.93
5.58
5.02
5.25
6.12
5.97
5.47
5.02
4.57
3.83
3.68
3.68
3.74
4.45
5.19
5.98
6.20
5.85
5.01
4.77
4.88
4.81
4.80
4.93
4.82
5.03
4.73
5.40
5.89
5.77
5.59
4.93
4.40
3.84
3.55
3.50
3.78
4.39
5.12
5.89
6.14
5.88
4.82
4.48
4.64
4.66
4.51
4.55
4.62
4.43
4.38
4.64
5.52
5.63
5.03
4.05
3.63
3.37
3.35
3.38
3.25
3.56
4.50
5.72
5.94
5.44
4.52
4.21
4.34
4.36
4.76
5.02
5.05
4.96
4.38
4.52
5.53
5.74
5.37
4.60
4.27
3.70
3.38
3.25
3.42
3.65
4.54
5.54
5.64
5.53
4.32
4.00
4.14
4.37
4.66
4.69
4.59
4.74
4.44
4.52
5.40
5.50
5.12
4.50
3.99
3.12
3.09
3.10
3.31
3.48
3.90
5.26
5.62
5.48
4.68
4.24
4.17
5.60
4.78
4.80
5.12
4.87
4.91
5.17
6.46
6.66
6.23
4.45
3.85
3.81
3.82
3.80
3.95
4.33
6.01
7.22
7.42
7.39
6.53
5.66
5.20
5.88
6.30
6.06
6.15
5.80
5.72
5.77
6.68
6.99
6.16
4.55
4.00
3.66
3.81
3.95
4.20
4.59
5.48
6.89
7.10
7.00
6.42
5.41
5.26
5.35
5.17
5.12
4.90
4.58
4.37
4.84
5.26
5.32
4.99
4.48
3.82
2.98
3.00
3.54
3.87
4.23
4.90
5.24
5.27
5.50
4.93
4.00
4.00
4.12
4.10
4.07
4.01
3.89
3.91
4.07
4.94
5.06
4.81
4.15
3.60
2.93
2.99
3.34
3.70
4.34
4.68
4.88
5.21
5.43
4.65
4.16
3.99
3.63
3.74
3.79
3.86
4.10
3.80
3.87
4.99
5.09
4.58
3.46
3.22
2.93
2.93
3.06
3.36
3.99
4.37
4.67
5.21
4.52
3.76
3.75
3.71
3.79
4.00
4.08
4.15
4.13
3.71
3.42
4.10
4.64
4.19
3.69
3.66
3.03
3.21
3.68
3.67
3.75
4.15
4.85
5.25
4.38
3.66
3.73
3.68
4.05
4.30
4.46
4.34
4.26
3.70
3.49
4.61
5.25
5.17
4.57
4.25
3.30
2.98
3.02
3.21
4.24
5.04
5.60
5.97
5.56
4.29
3.82
3.72
4.67
4.09
4.15
4.34
4.43
4.34
4.46
5.37
5.96
5.61
4.77
4.26
3.94
3.85
3.94
3.99
4.10
4.48
5.96
6.77
6.22
5.62
4.70
4.60
4.66
4.69
4.89
5.24
5.21
4.94
4.69
5.19
5.53
5.22
4.23
3.92
3.61
3.80
3.81
3.87
4.45
4.60
5.52
6.37
6.21
4.76
4.16
4.15
4.87
4.94
5.26
5.14
4.64
4.08
3.44
4.34
4.82
4.55
3.45
2.74
2.59
2.49
2.56
2.78
3.77
4.34
4.87
5.39
4.98
4.14
3.78
3.75
3.34
3.29
3.26
3.31
3.29
3.24
3.68
5.06
5.13
4.89
4.07
3.76
2.92
2.77
3.09
3.14
3.48
4.30
5.21
5.48
5.05
3.77
3.42
3.37
3.63
3.57
3.35
3.32
3.49
3.17
3.43
4.25
4.70
4.19
3.12
2.57
2.33
2.39
2.36
2.62
3.16
3.56
4.53
4.85
4.20
3.51
3.41
3.38
3.42
3.70
3.66
3.65
3.58
3.40
3.42
4.38
4.48
4.09
3.33
2.72
2.45
2.44
2.41
2.59
2.81
3.79
4.68
4.97
4.46
3.46
3.43
3.35
3.45
3.41
3.41
3.44
3.44
3.28
3.92
4.90
5.20
4.85
4.22
3.74
2.77
2.64
2.69
3.24
3.86
4.40
4.80
4.97
4.62
3.93
3.63
3.80
3.87
3.55
3.46
3.52
3.51
3.47
3.54
4.30
4.80
4.34
3.44
3.06
3.03
3.10
3.21
3.31
3.50
4.02
4.81
5.59
5.05
4.16
3.94
3.75
4.35
4.53
4.11
4.21
4.27
4.23
4.14
4.07
4.29
4.27
4.18
3.89
3.59
3.49
3.80
3.72
3.65
3.71
3.99
4.69
5.26
4.50
4.25
3.85
3.88
4.26
4.05
3.75
3.64
3.58
3.38
3.87
4.38
4.76
4.91
4.66
4.87
4.70
4.17
3.52
3.60
3.94
4.17
4.85
4.82
4.85
4.87
4.54
4.65
4.46
4.26
4.49
4.22
4.01
3.77
3.51
3.76
4.40
3.93
3.59
2.91
2.68
2.61
2.84
3.11
3.93
4.99
5.14
5.07
4.38
3.85
3.45
3.25
3.71
3.68
3.49
3.38
3.53
3.49
3.53
3.96
4.47
4.31
4.18
4.08
3.70
3.34
3.71
3.91
4.27
4.88
4.83
4.73
4.27
3.68
3.65
4.38
3.85
3.97
4.30
4.59
4.68
4.14
3.86
3.98
4.55
4.45
3.98
3.39
3.25
3.38
3.82
4.03
4.74
5.19
5.23
5.10
4.52
3.75
3.66
3.75
3.85
3.74
3.61
3.55
3.53
3.54
4.24
4.72
5.09
4.54
3.90
3.58
3.20
3.29
3.81
4.75
5.44
5.69
5.80
5.27
4.81
4.32
3.66
3.47
3.96
3.73
3.59
3.48
3.50
3.58
3.76
4.11
4.51
4.27
3.48
3.03
2.80
2.92
3.01
3.33
3.96
5.19
5.28
5.23
4.86
4.12
3.52
3.64
4.16
3.94
3.92
3.85
3.97
4.02
3.97
4.25
4.41
4.44
4.36
3.80
3.66
3.55
3.60
4.02
4.93
5.61
5.66
5.36
5.18
4.30
3.84
3.56
3.68
3.52
3.51
3.32
3.23
3.03
3.26
3.75
4.50
4.22
3.91
3.48
3.24
3.27
3.70
3.95
4.49
4.79
4.82
4.98
4.65
4.05
3.87
3.43
3.23
3.31
3.22
3.23
3.13
3.01
3.30
4.10
4.76
4.46
4.03
3.70
3.03
3.07
3.59
4.27
4.58
4.79
4.80
4.40
3.66
3.18
2.98
2.99
3.14
3.02
3.08
3.01
2.99
3.00
3.07
3.76
4.61
4.65
4.09
3.91
3.54
3.44
3.70
3.97
4.63
5.03
4.98
4.80
4.35
3.41
3.14
3.09
3.22
3.39
3.58
3.54
3.50
3.31
2.99
3.32
3.82
3.92
3.43
3.17
3.25
3.07
2.97
3.97
4.64
5.14
5.16
4.92
3.83
3.34
3.22
3.17
3.13
3.19
3.22
3.21
3.13
3.01
3.54
3.96
4.61
4.39
3.86
3.18
3.12
3.22
3.51
4.21
5.07
5.32
5.26
5.08
4.37
3.56
3.43
3.32
3.59
3.48
3.51
3.26
3.29
3.37
3.29
3.65
3.89
3.90
3.52
3.37
3.35
3.21
3.41
3.50
3.79
4.40
4.63
4.33
3.89
3.61
3.57
3.60
3.87
3.72
3.78
3.97
4.04
3.96
3.77
3.76
4.11
4.15
3.69
3.56
3.48
3.46
3.65
3.77
3.90
4.67
4.69
4.47
3.97
3.68
3.53
3.56
3.59
3.63
3.70
3.82
3.70
3.53
3.52
4.44
4.88
4.80
4.48
4.48
4.20
4.35
4.46
4.49
4.70
4.81
5.02
4.89
4.47
3.66
3.16
3.17
3.27
3.01
3.21
3.07
3.10
3.07
3.36
4.27
4.56
4.25
4.08
4.36
3.99
3.97
3.98
4.24
4.70
4.66
4.89
4.81
3.86
3.43
3.20
3.14
3.02
2.87
2.80
2.74
2.84
2.84
2.85
3.41
4.27
4.12
3.96
3.74
3.39
3.31
3.70
3.96
4.37
4.75
4.82
4.61
3.58
3.21
3.06
3.00
2.93
2.82
2.77
2.79
2.75
2.73
3.03
3.34
4.13
4.02
3.56
3.24
2.77
2.89
3.39
3.59
4.02
4.49
4.59
4.39
3.94
3.50
3.21
3.11
2.91
2.80
2.76
2.81
2.95
2.89
3.22
4.32
4.69
4.39
4.05
3.29
2.93
2.93
2.89
3.55
4.20
4.64
4.74
4.71
4.39
3.42
3.09
3.14
2.98
2.90
2.94
3.02
3.02
2.95
2.80
3.41
3.70
3.34
3.15
3.13
3.01
2.87
2.56
2.64
2.94
4.04
4.61
4.66
3.93
3.38
2.94
2.84
3.09
2.94
2.84
2.95
2.92
2.79
2.94
3.27
3.42
3.50
3.30
3.21
3.01
2.74
2.78
2.73
2.98
3.72
4.12
4.21
3.83
3.25
3.01
3.01
2.88
2.88
2.89
2.92
2.84
2.66
2.94
3.94
4.55
4.41
4.26
4.17
3.71
3.64
3.88
4.09
4.33
4.81
4.85
4.52
3.92
3.04
2.77
2.47
2.57
2.49
2.62
2.64
2.63
2.52
2.86
3.93
4.33
4.10
3.60
3.26
2.91
3.03
3.31
3.74
4.31
4.74
4.67
4.65
3.97
3.29
2.75
2.66
2.41
2.44
2.39
2.37
2.34
2.24
2.58
3.67
4.02
3.78
3.20
2.80
2.53
2.59
3.08
3.80
4.37
4.65
4.74
4.41
3.88
3.46
2.85
2.67
2.42
2.29
2.26
2.29
2.32
2.36
2.63
3.49
4.16
4.19
4.37
4.30
3.73
3.44
3.41
4.01
4.17
4.48
4.54
4.24
3.67
3.20
2.65
2.49
2.35
2.25
2.28
2.28
2.30
2.32
2.46
3.22
3.98
3.91
3.54
3.35
2.93
2.64
2.53
2.73
3.40
3.82
3.79
3.62
3.08
2.66
2.48
2.44
2.79
2.80
2.80
2.81
2.84
2.80
2.68
3.26
3.92
3.77
3.05
2.50
2.39
2.29
2.39
2.84
3.04
4.19
4.11
3.95
3.65
3.30
2.94
2.94
2.98
2.84
2.99
2.98
2.90
2.96
2.95
3.22
3.56
3.63
3.11
2.60
2.43
2.52
2.60
2.64
3.20
4.16
4.33
4.40
3.66
3.15
2.94
2.88
2.83
2.60
2.58
2.64
2.83
2.73
3.20
3.90
4.50
4.30
4.05
3.93
3.56
3.06
3.21
3.54
3.94
4.34
4.46
4.36
3.61
3.01
2.78
2.65
2.51
2.28
2.46
2.55
2.51
2.38
2.78
3.35
3.99
3.68
3.13
2.74
2.91
2.67
2.87
2.95
3.48
4.02
4.14
3.71
3.12
2.56
2.36
2.40
2.43
2.35
2.36
2.45
2.37
2.19
2.51
3.25
3.69
3.49
3.03
2.85
2.81
2.78
2.97
3.58
3.83
3.85
3.92
3.79
3.31
2.84
2.63
2.37
2.36
2.40
2.40
2.54
2.54
2.37
2.29
3.51
4.14
3.68
3.32
2.94
2.62
2.83
3.26
3.44
4.06
4.27
4.19
4.25
3.71
3.06
2.98
2.66
2.51
2.79
2.65
2.32
2.31
2.40
2.68
3.38
3.99
3.97
3.54
2.83
2.76
2.57
2.74
2.91
3.48
3.76
3.93
3.71
3.31
2.76
2.49
2.65
2.84
2.72
2.79
2.66
2.62
2.56
2.58
3.23
3.73
3.89
3.78
3.57
3.49
2.78
2.48
2.49
3.32
3.51
3.53
3.53
3.23
3.10
2.46
2.53
3.06
3.14
3.07
3.33
3.42
3.25
3.03
3.13
3.77
3.80
3.17
2.58
2.68
2.56
2.67
2.76
3.39
3.97
4.04
4.55
3.66
2.98
2.66
2.58
2.70
2.57
2.56
2.67
2.75
2.48
2.57
3.60
4.26
3.96
3.45
3.09
2.67
2.58
2.63
2.75
3.32
3.63
3.64
3.54
2.85
2.61
2.38
2.30
2.39
2.28
2.20
2.23
2.24
2.16
2.26
3.22
3.88
3.82
3.23
2.60
2.38
2.30
2.46
2.59
2.82
3.42
3.40
3.14
2.80
2.58
2.53
2.53
2.55
2.39
2.39
2.56
2.58
2.40
2.59
2.76
3.84
3.97
4.43
4.28
4.35
4.03
3.33
3.57
3.48
4.11
4.40
4.25
3.48
2.92
2.62
2.57
2.79
2.88
2.66
2.81
2.82
2.60
2.81
3.53
4.02
4.16
3.61
3.50
3.25
2.95
3.18
3.46
3.60
4.08
3.62
3.08
2.80
2.72
2.80
2.72
2.65
2.66
2.70
2.79
2.87
2.72
2.44
2.88
3.23
3.34
2.99
3.16
3.27
2.90
3.21
3.50
3.71
3.88
3.44
3.08
2.73
2.49
2.49
2.51
2.55
2.52
2.58
2.98
3.09
2.99
2.87
2.96
3.11
3.62
3.54
3.57
3.06
2.61
2.62
2.60
2.82
3.49
3.52
3.54
3.26
2.72
2.69
2.96
2.79
2.80
2.78
2.73
2.53
2.44
2.55
2.71
3.31
3.02
2.85
2.45
2.22
2.26
2.38
2.53
2.95
3.65
4.17
3.84
3.33
2.85
2.52
2.44
2.38
2.42
2.47
2.54
2.55
2.32
2.34
2.73
3.68
3.44
2.85
2.44
2.40
2.66
2.64
3.01
3.38
3.99
3.85
3.39
3.04
2.58
2.47
2.30
2.38
2.38
2.37
2.37
2.30
2.25
2.42
2.96
3.53
3.60
3.05
2.77
3.08
2.86
3.12
3.56
3.87
4.27
4.03
3.57
2.98
2.60
2.50
2.45
2.56
2.69
2.65
2.63
2.66
2.59
2.57
3.06
3.77
3.53
2.78
2.47
2.21
2.17
2.22
2.40
2.86
3.24
3.84
3.67
3.01
2.67
2.60
2.58
2.48
2.54
2.42
2.41
2.50
2.41
2.39
2.71
3.71
3.71
3.24
3.08
2.66
2.62
2.65
2.83
3.58
4.06
3.85
3.69
2.83
2.54
2.44
2.47
2.29
2.21
2.29
2.45
2.51
2.29
2.22
2.68
3.76
3.59
3.01
2.65
2.45
2.46
2.80
3.00
3.26
3.75
3.30
3.14
2.87
2.61
2.60
2.57
2.82
2.74
2.73
2.73
2.89
2.59
2.63
3.01
3.64
4.11
3.78
3.36
3.02
2.99
2.86
2.82
2.95
3.41
4.08
4.34
3.71
2.83
2.62
2.65
2.81
2.81
2.70
2.67
2.67
2.66
2.66
2.74
3.27
3.88
3.08
2.83
2.88
2.78
2.74
2.80
2.97
3.17
3.85
3.78
3.19
2.63
2.56
2.52
2.49
2.40
2.39
2.42
2.44
2.28
2.26
2.81
3.95
3.99
3.77
3.15
2.81
2.80
3.12
3.66
4.00
4.57
4.42
4.27
3.60
2.89
2.77
2.66
2.42
2.31
2.29
2.23
2.23
2.32
2.53
3.23
4.07
4.31
4.04
3.50
3.31
3.19
3.24
3.42
3.98
4.29
4.50
4.27
3.48
2.99
2.55
2.47
2.54
2.55
2.52
2.58
2.54
2.58
2.47
2.73
3.46
3.78
3.46
2.80
2.56
2.61
2.61
2.72
3.06
3.89
3.77
3.36
2.77
2.63
2.63
2.65
2.71
2.64
2.60
2.67
2.76
2.59
2.54
2.74
3.81
3.61
3.60
3.09
2.53
2.43
2.39
2.55
2.93
3.27
3.45
3.16
2.72
2.62
2.57
2.56
3.34
2.99
2.94
3.18
3.03
2.84
2.72
2.73
3.70
3.82
3.49
3.06
2.84
2.66
2.58
2.70
2.96
3.65
4.17
4.09
4.00
3.25
3.22
3.11
3.95
3.98
4.19
4.17
4.16
4.05
3.88
4.72
4.65
4.05
3.66
3.54
3.57
3.68
3.92
3.87
3.83
4.40
4.69
4.71
4.31
3.60
3.25
3.21
3.76
3.68
3.70
3.73
3.74
3.50
3.57
4.08
4.61
4.78
4.24
3.78
3.47
3.31
3.50
3.30
3.71
3.82
4.40
4.26
4.05
3.37
3.14
3.21
3.97
3.52
3.38
3.41
3.30
3.23
2.87
2.98
3.64
3.83
3.67
3.27
2.79
2.76
2.79
2.92
3.52
4.10
4.04
3.67
3.45
3.14
3.19
3.37
3.84
3.84
3.72
3.62
3.58
3.34
3.33
3.83
4.54
4.72
3.81
3.37
3.27
3.25
3.12
3.48
3.94
4.63
4.41
3.98
3.25
3.07
3.28
3.48
4.29
4.31
4.35
4.35
4.35
4.24
3.96
3.71
4.37
4.51
3.94
3.71
3.56
3.63
3.55
3.97
4.41
4.80
4.95
4.14
3.82
3.83
4.02
4.28
4.24
4.34
4.40
4.33
4.30
4.17
4.08
4.33
5.05
4.95
4.95
4.76
4.29
4.28
4.26
4.51
5.05
5.71
6.08
5.70
5.06
4.50
4.51
4.40
4.56
4.49
4.64
4.55
4.42
4.03
4.00
5.04
5.81
5.85
4.92
4.80
4.38
4.49
4.51
4.30
4.66
5.60
5.83
5.73
4.78
4.45
4.31
4.08
4.07