175.27
166.78
162.66
164.94
169.06
169.10
170.05
185.28
186.49
184.46
179.54
180.62
182.88
187.96
182.50
183.15
177.08
178.25
178.70
176.85
184.56
188.22
188.76
193.48
184.98
178.01
183.24
184.35
183.82
185.46
189.37
201.24
198.82
206.41
214.33
222.07
230.59
225.80
227.43
231.19
226.82
234.93
235.43
232.57
227.69
223.57
224.77
224.54
208.34
202.60
199.79
210.60
224.99
231.70
238.85
250.32
256.58
260.37
260.05
261.97
247.81
239.63
229.51
222.27
216.31
210.42
211.17
207.00
205.80
200.54
204.23
203.79
202.71
196.77
193.07
196.52
215.18
223.83
229.68
236.85
240.28
237.14
237.42
234.82
223.55
232.22
234.60
231.14
225.32
224.79
217.84
214.57
211.77
208.39
206.06
208.30
208.64
202.71
200.86
197.01
204.22
217.40
224.52
227.20
228.83
234.75
238.34
254.88
259.57
247.68
254.37
255.83
244.67
242.52
239.12
241.01
245.94
251.76
250.93
257.40
260.40
258.66
257.98
258.15
269.97
265.58
270.91
276.73
279.25
283.81
279.91
274.07
276.96
265.19
259.76
258.73
264.24
255.98
255.22
256.26
268.13
265.65
268.04
277.33
275.32
277.69
274.97
274.26
273.20
276.10
282.19
294.26
282.28
278.00
274.91
267.25
263.58
255.61
258.85
261.00
258.90
258.15
258.43
263.98
268.86
265.08
265.82
265.32
259.19
254.26
251.44
245.85
243.57
248.45
253.27
269.46
268.05
266.21
264.04
264.74
263.08
259.54
241.96
240.57
240.57
235.42
236.41
238.27
234.62
231.40
233.02
232.94
233.13
235.86
239.56
238.76
247.00
251.16
260.60
268.34
269.89
272.87
275.35
271.08
282.99
275.94
272.65
266.04
270.68
277.71
274.35
267.77
266.61
275.07
277.42
285.03
286.48
288.32
289.10
291.12
295.32
297.97
305.34
318.00
323.73
326.48
319.32
313.99
304.64
296.66
305.92
305.95
289.97
296.92
312.36
326.80
329.69
328.92
317.69
323.30
311.81
306.96
304.55
303.95
309.01
297.92
283.63
283.11
283.18
280.73
279.05
267.91
260.98
264.91
271.35
269.75
263.05
260.18
269.25
274.30
279.02
279.38
281.57
280.46
271.02
272.83
270.25
271.73
274.90
275.12
275.57
284.68
294.44
296.92
298.33
302.04
303.88
288.69
281.94
266.94
258.55
258.53
258.21
265.93
263.78
263.68
259.11
258.30
254.81
250.82
250.06
249.45
251.49
253.87
261.72
268.45
270.11
278.34
285.45
291.49
292.30
287.97
289.05
297.34
300.64
297.02
302.71
303.33
306.22
311.68
314.13
312.16
314.30
311.62
312.95
310.65
317.66
327.38
332.31
345.47
351.97
354.43
354.78
347.56
342.69
339.20
330.23
324.63
321.53
324.64
329.75
339.04
346.57
356.34
360.48
357.72
331.13
318.49
317.46
317.61
316.94
324.92
332.86
338.98
338.16
338.53
334.94
329.94
322.20
316.26
311.46
305.41
308.06
301.04
300.42
305.64
311.40
308.19
315.37
330.03
317.36
309.16
314.85
317.85
313.11
316.23
314.25
304.09
297.19
292.35
288.00
293.21
291.05
282.15
276.68
273.97
270.54
282.47
282.31
294.63
295.43
297.39
297.26
289.48
283.70
283.16
278.31
278.14
279.83
281.63
295.93
304.59
297.16
294.93
293.21
289.88
266.79
253.95
254.74
253.50
256.65
260.71
263.42
266.59
262.59
262.45
259.39
262.93
252.18
230.91
225.42
228.18
237.24
249.00
260.13
263.83
261.45
260.07
263.20
261.25
246.82
251.28
260.67
259.91
259.18
264.53
263.59
263.66
266.14
256.13
255.51
252.07
238.45
233.21
230.98
236.16
240.75
238.81
257.39
264.61
265.65
268.28
266.13
257.97
256.36
243.90
240.25
234.08
223.70
222.17
224.90
235.78
234.06
235.39
237.43
242.06
238.93
236.32
234.49
234.17
237.43
245.09
247.09
251.12
253.55
254.23
260.05
262.51
264.58
252.82
264.34
258.23
254.22
258.12
259.83
267.65
273.36
278.48
283.35
294.30
285.92
274.92
274.98
274.43
272.58
273.77
276.33
277.45
278.66
280.10
277.93
282.69
275.95
277.67
285.02
280.11
282.01
280.76
288.38
297.55
306.34
314.33
307.38
297.04
277.62
269.28
268.35
264.67
271.79
269.96
269.66
273.48
276.84
276.34
280.10
277.75
278.44
283.39
279.53
264.01
264.83
263.37
264.86
265.07
267.38
271.20
278.68
274.17
265.94
266.73
263.97
262.09
273.26
272.02
283.53
294.82
296.86
297.27
300.22
295.29
295.00
295.67
294.44
294.14
295.84
296.13
301.54
304.51
302.95
292.83
291.47
300.07
304.47
308.75
302.24
302.46
298.71
305.71
311.11
319.93
320.13
312.74
304.41
300.58
305.36
317.09
326.96
320.15
319.76
316.75
324.96
336.55
334.67
336.36
341.11
341.86
324.30
312.11
306.91
299.64
300.17
306.69
304.07
296.94
297.90
295.87
291.93
289.71
294.66
295.83
298.06
298.75
308.89
308.87
303.17
302.57
303.08
302.97
306.26
308.23
310.11
304.61
292.68
286.30
283.04
285.59
290.46
294.41
294.25
296.12
295.12
296.83
308.05
305.59
298.83
296.32
298.80
305.39
307.92
308.97
314.53
310.34
311.21
312.89
315.13
308.57
306.21
310.66
305.88
299.78
301.49
300.36
301.22
298.62
299.05
300.79
305.26
296.16
293.72
293.27
291.18
294.36
285.12
293.32
304.36
304.69
307.04
305.88
288.10
280.71
282.50
282.42
287.51
294.70
294.59
293.84
292.88
287.62
287.41
289.35
289.87
281.84
272.07
269.40
279.30
276.82
277.60
288.38
291.86
288.71
290.81
284.82
280.97
279.74
277.11
274.57
276.14
277.01
284.83
288.63
284.78
285.80
282.34
279.26
268.77
257.16
260.09
253.72
251.70
250.73
248.16
242.64
239.79
247.29
245.36
244.27
244.11
239.99
243.17
247.01
252.35
266.78
280.82
283.67
280.88
280.79
281.87
282.69
274.70
268.93
267.71
271.96
277.46
283.66
282.46
283.13
287.14
278.73
288.64
304.22
314.76
300.93
305.98
307.88
296.49
303.51
325.57
337.31
339.89
343.96
347.71
349.81
343.11
317.64
307.22
307.86
306.43
315.37
333.16
336.99
338.07
340.25
340.82
339.08
335.46
332.86
336.92
343.70
345.66
351.78
354.83
362.13
368.74
372.36
377.62
376.69
366.80
345.67
335.06
331.57
330.52
337.34
339.04
348.51
351.17
351.60
352.55
357.70
364.44
362.01
367.20
359.15
350.33
362.50
368.47
372.55
376.41
376.32
375.17
376.33
369.99
354.31
344.08
345.53
347.37
352.09
352.46
353.57
357.48
358.54
359.67
354.54
350.25
348.74
348.03
349.24
355.98
375.32
388.93
395.46
395.93
394.36
373.27
344.88
337.07
324.85
331.58
328.44
322.95
329.06
321.93
319.45
317.55
313.76
322.49
331.77
336.20
326.87
328.39
331.24
337.05
340.96
348.57
356.94
354.87
348.13
345.58
331.65
327.36
322.85
313.31
281.68
271.56
288.74
290.39
302.97
311.11
319.79
323.96
322.47
308.91
287.42
282.57
279.96
278.04
282.94
285.03
281.41
274.05
285.07
287.08
278.37
273.04
273.78
273.19
267.88
264.09
259.20
267.68
281.42
282.16
284.09
292.11
303.08
297.94
284.74
285.27
284.06
283.51
279.50
283.19
283.13
286.20
277.62
275.00
268.46
274.73
283.25
282.20
253.25
238.79
246.45
246.90
256.92
260.23
267.81
266.18
267.96
263.01
258.60
258.48
256.42
258.27
265.41
273.54
274.12
279.30
278.29
275.69
264.78
262.35
257.00
246.79
249.99
253.80
254.12
259.45
258.87
265.99
271.06
280.79
280.69
269.06
268.57
263.68
260.57
260.78
258.00
257.64
263.42
265.02
274.53
268.36
253.94
241.90
227.56
223.71
223.26
222.50
224.56
231.27
236.29
237.30
231.54
228.20
231.36
229.07
225.17
222.25
229.60
241.22
251.55
270.10
276.39
271.42
268.10
267.96
263.99
251.35
236.92
224.49
227.71
237.44
240.41
239.57
245.08
243.21
246.55
246.03
242.24
238.88
238.34
236.89
242.25
249.08
257.57
272.31
282.14
291.21
295.71
295.44
286.29
262.30
255.45
249.64
240.29
251.06
263.91
267.67
278.76
281.92
298.28
301.19
291.94
272.48
266.40
261.63
261.44
263.48
269.20
266.80
272.26
274.55
274.86
273.59
268.02
266.04
256.35
252.71
247.41
240.41
240.02
251.10
269.59
278.08
279.02
280.50
270.25
259.23
255.59
254.00
251.85
261.43
270.41
284.66
289.29
292.08
296.31
290.73
282.79
273.26
272.92
267.98
263.46
260.98
262.22
264.85
272.01
280.06
282.04
281.04
289.63
282.96
271.40
269.46
271.74
277.11
281.69
282.42
289.49
287.43
287.03
286.64
288.97
296.58
289.14
287.38
286.38
268.15
253.47
249.47
253.22
259.08
261.43
267.63
276.67
279.19
267.67
266.25
262.01
259.65
254.27
269.07
272.53
274.66
274.45
267.26
250.18
255.49
246.23
240.77
229.99
229.90
221.27
228.17
237.13
235.44
232.00
234.77
235.58
232.98
223.26
222.10
214.57
212.43
223.67
223.53
231.21
243.70
246.20
246.17
241.31
227.76
223.88
224.81
230.20
225.09
231.28
231.20
239.94
249.44
244.58
239.13
239.01
233.00
225.12
213.90
211.14
221.60
224.14
223.70
230.83
217.34
210.68
206.65
220.17
225.50
221.86
224.78
227.73
230.51
241.64
241.96
239.84
238.99
238.72
234.22
234.58
233.16
233.77
229.51
220.90
224.89
241.38
253.48
253.60
256.26
260.04
265.16
268.06
257.25
264.67
276.31
278.38
280.02
289.60
296.66
304.16
309.62
313.50
313.92
311.57
308.42
299.70
306.53
305.69
314.41
325.45
337.89
345.55
344.37
342.50
343.96
340.44
328.25
320.10
310.55
300.81
296.57
280.10
267.45
270.09
280.01
281.30
279.16
289.54
295.57
284.85
282.93
281.36
282.39
276.50
272.56
271.57
265.02
268.11
269.94
268.15
270.28
263.73
243.80
231.85
237.81
238.36
246.87
254.91
252.37
255.82
266.91
262.70
253.58
247.09
243.26
237.41
244.88
257.02
260.13
269.64
268.31
266.19
269.04
273.86
268.14
247.28
245.49
245.22
239.62
239.47
241.77
242.01
245.26
252.20
250.75
253.44
245.30
241.37
236.59
245.98
253.10
258.44
266.33
270.76
267.29
265.56
266.43
269.51
263.23
248.42
243.32
240.34
239.15
247.49
250.02
251.22
253.33
259.05
259.88
252.63
250.29
243.92
241.75
248.38
254.18
259.11
258.51
267.85
264.54
259.69
255.19
256.68
257.09
246.54
245.67
244.40
241.04
235.87
233.78
236.45
237.55
239.66
241.99
241.12
238.54
234.03
232.11
240.97
239.12
236.74
239.22
248.59
248.62
248.30
249.00
249.09
260.23
242.67
243.34
240.74
238.96
243.95
253.33
252.07
251.95
247.74
249.56
254.06
261.00
258.26
248.48
240.63
248.48
253.92
250.61
261.00
256.97
264.00
263.47
266.50
260.28
252.94
251.42
247.39
248.74
249.83
248.39
251.11
246.56
250.42
253.61
253.90
249.20
250.42
247.99
248.13
244.56
239.34
241.54
250.97
255.52
257.20
266.50
268.59
266.87
260.99
258.47
250.64
248.21
249.05
241.45
240.47
237.02
244.19
241.76
241.25
243.34
246.74
245.75
249.40
251.21
251.65
245.49
247.44
248.98
252.10
259.36
258.34
259.23
262.81
253.37
247.74
245.73
239.42
237.32
239.07
235.15
237.22
243.31
249.58
246.83
234.52
230.11
222.84
227.36
226.70
239.80
244.02
246.19
254.71
260.80
262.91
243.66
243.33
241.74
236.29
240.54
250.95
272.62
272.71
269.50
264.20
265.13
266.70
245.67
234.98
238.50
251.96
246.85
237.47
251.36
255.93
256.11
255.70
259.71
261.74
249.61
237.98
231.05
233.46
237.56
240.42
250.74
256.30
255.36
256.17
253.02
246.44
239.56
235.17
229.71
241.01
245.52
253.58
263.18
261.89
260.05
261.23
263.97
264.83
253.23
238.66
234.78
239.90
238.43
238.73
241.27
237.13
230.33
249.50
251.83
253.95
261.20
258.77
246.97
227.83
226.63
223.18
226.67
229.23
229.07
236.12
236.74
245.23
244.94
238.01
228.20
224.25
225.63
220.48
232.30
230.40
232.40
244.10
246.49
241.71
237.87
234.71
232.20
237.34
241.62
234.27
227.86
232.78
238.25
239.20
239.45
242.61
247.77
242.66
236.38
235.57
229.72
229.34
234.14
246.10
254.06
254.11
260.28
264.62
263.60
250.69
237.38
226.73
226.58
231.82
226.23
219.73
225.42
224.40
223.10
225.12
231.04
223.01
209.05
203.59
199.86
204.39
203.62
200.11
196.31
196.21
196.73
190.75
179.58
193.05
191.54
188.58
187.19
201.50
202.14
200.09
199.49
196.27
192.52
191.12
196.88
221.76
221.36
216.70
204.57
193.94
195.72
193.87
202.02
206.35
205.24
195.24
193.61
191.75
189.09
180.48
186.82
199.13
214.07
223.27
222.22
223.42
218.54
214.58
224.46
229.06
224.70
229.30
216.46
206.91
220.53
232.40
238.37
232.02
233.01
234.11
239.68
238.90
236.83
240.68
241.86
231.32
215.81
213.10
219.86
228.70
233.35
235.54
233.97
242.99
237.92
220.35
212.95
211.22
213.91
218.41
229.78
238.88
240.42
243.00
246.72
239.06
233.03
227.67
222.32
230.36
235.82
247.35
245.22
245.04
247.51
252.18
246.10
246.44
247.59
241.74
240.35
230.43
236.52
236.05
238.16
232.54
232.11
234.65
243.28
241.69
223.48
216.99
224.65
233.83
240.59
243.59
257.78
256.62
269.13
276.54
276.01
264.47
255.22
254.89
253.91
244.94
249.79
251.81
255.01
253.04
254.85
254.68
256.22
256.63
256.97
250.89
252.55
252.87
256.25
270.65
273.69
271.28
273.74
273.23
267.56
264.80
264.51
260.02
254.92
246.23
249.64
246.39
246.88
239.60
235.69
243.16
255.10
255.39
251.07
252.83
259.12
263.56
273.71
275.47
273.37
269.30
263.24
261.52
268.51
270.93
262.32
260.03
259.11
247.19
235.65
248.24
258.86
268.62
275.57
276.00
269.28
262.22
263.54
256.16
263.29
269.47
264.49
259.65
266.91
262.81
262.60
264.72
262.13
265.80
261.86
256.36
261.92
266.93
278.27
279.29
275.38
276.50
278.89
282.40
281.19
289.21
290.17
292.22
303.53
313.12
304.94
305.44
306.86
308.54
317.14
322.19
310.61
302.80
295.14
298.21
296.88
291.81
292.76
306.08
314.44
315.10
308.19
295.11
297.79
291.52
286.52
293.24
308.51
317.19
316.89
317.10
314.51
311.67
302.75
308.47
305.50
311.94
307.80
296.98
289.06
281.97
292.50
309.04
329.94
328.91
324.50
326.76
326.74
311.08
300.20
298.18
300.82
311.58
308.52
306.93
309.36
306.58
308.29
302.64
317.60
329.03
315.97
301.83
298.23
302.73
307.47
308.29
308.65
306.52
299.27
303.41
301.65
292.44
290.45
286.54
285.74
285.75
281.88
283.29
283.36
277.98
279.49
292.22
295.89
297.34
299.26
287.28
279.48
262.96
250.55
264.79
264.83
274.48
280.23
276.15
266.92
268.82
263.27
269.29
288.40
305.57
303.22
298.52
296.67
295.72
298.90
282.13
284.37
283.89
288.17
276.60
281.24
279.09
278.11
284.16
276.30
280.02
278.88
280.51
281.27
279.70
284.36
285.88
291.84
306.53
324.09
346.88
347.66
351.86
349.91
346.45
341.10
336.98
337.22
330.91
312.03
317.99
328.30
340.60
337.95
337.69
336.69
338.43
338.98
333.82
345.40
348.88
353.06
359.46
369.04
374.00
375.18
375.88
372.10
367.65
361.22
352.21
347.55
347.54
355.50
363.72
364.62
364.50
364.52
364.69
362.75
364.05
362.31
344.09
342.98
355.53
363.03
373.73
375.83
376.97
375.92
370.57
372.50
367.92
369.71
367.04
355.22
359.98
358.87
352.52
352.78
368.11
360.17
352.37
353.42
355.68
341.06
338.97
342.40
335.46
338.30
340.68
345.57
347.25
356.28
353.42
347.49
346.48
356.42
359.26
354.15
355.40
352.89
352.40
341.64
345.70
350.15
352.71
354.87
363.53
358.33
359.17
355.70
350.07
345.72
338.00
349.81
362.47
363.19
364.82
362.65
333.72
312.18
313.67
313.57
317.94
323.94
321.84
317.40
321.29
328.24
327.21
324.71
330.96
322.37
323.92
329.06
335.20
334.89
329.43
338.65
346.08
342.62
341.53
342.06
329.58
328.32
319.37
309.34
302.19
295.35
289.26
287.31
281.87
281.91
282.25
279.88
282.45
271.08
276.57
271.19
278.03
289.84
295.18
312.04
311.80
293.84
294.05
296.20
293.05
292.89
280.01
272.44
267.57
265.93
266.02
263.42
262.62
260.12
268.99
266.23
258.45
251.45
256.71
248.23
243.38
260.79
271.17
275.13
282.05
274.31
279.90
285.37
287.05
283.33
272.49
255.94
249.24
245.10
232.19
223.17
223.77
228.06
232.21
234.80
247.22
262.80
268.97
271.68
275.54
263.34
269.05
278.41
278.69
274.85
275.02
273.72
273.49
278.91
272.57
263.99
257.04
246.10
245.87
244.42
248.41
246.59
237.45
233.53
250.46
250.50
234.78
236.88
235.57
237.08
247.63
271.67
276.98
276.64
275.64
280.71
276.57
264.49
264.51
261.89
262.91
266.65
265.99
262.34
262.37
262.21
253.85
258.06
253.55
252.30
255.72
267.98
273.06
272.92
293.05
305.45
307.45
310.14
309.49
306.89
290.89
276.81
277.11
276.95
272.44
277.88
278.83
287.42
287.32
283.93
277.89
268.16
263.65
265.51
268.48
265.19
264.66
282.18
304.49
324.81
333.59
334.38
329.74
304.24
280.30
267.72
264.39
265.57
267.33
279.08
280.35
283.78
286.24
293.10
293.53
293.10
283.32
277.79
277.07
275.18
278.48
290.43
303.60
308.66
325.27
326.72
323.71
320.42
296.04
280.66
277.42
278.36
293.87
295.99
299.77
289.96
289.47
291.04
290.98
287.00
276.94
265.33
270.71
266.46
280.21
290.99
299.65
310.02
321.10
320.00
321.46
324.70
310.47
283.41
271.41
271.47
273.88
275.02
276.31
273.34
281.87
282.52
278.82
282.31
292.23
286.62
289.51
288.03
290.58
291.49
291.35
288.95
279.04
291.50
294.38
292.51
293.88
298.68
296.59
270.14
264.56
259.26
259.19
260.29
264.68
269.78
261.69
260.49
253.10
258.41
273.39
269.78
268.80
275.71
289.78
296.65
301.61
298.58
302.08
302.97
301.58
291.12
269.99
260.88
255.80
255.76
264.38
261.07
254.67
246.35
247.98
254.17
243.28
241.50
244.96
240.75
237.36
245.98
262.59
273.66
268.99
269.03
274.88
274.91
266.13
286.24
291.07
291.86
293.43
294.00
293.96
297.10
304.22
302.51
299.19
291.76
286.89
292.18
295.88
280.24
286.15
299.16
299.76
306.47
312.06
314.03
317.79
322.66
330.61
316.70
306.04
300.31
292.70
300.89
296.19
300.51
302.30
301.37
294.21
284.33
287.97
293.04
302.15
305.93
304.70
312.33
309.83
303.52
323.14
318.03
321.16
320.02
319.57
311.61
304.91
307.30
304.88
300.09
303.98
309.79
306.74
304.90
305.14
304.16
298.91
299.24
301.39
301.21
325.42
321.56
344.36
346.91
328.03
320.26
319.37
315.11
313.17
297.67
288.11
278.02
269.30
270.59
269.25
288.47
301.21
301.81
302.18
301.30
302.72
303.53
296.53
290.13
296.00
307.24
310.33
322.65
325.33
333.30
332.90
331.57
312.85
304.57
307.98
301.14
297.95
297.26
289.90
291.39
296.21
295.32
299.77
295.93
287.77
282.15
289.81
279.99
299.00
298.45
289.02
314.51
325.30
325.43
325.98
328.00
322.95
302.19
290.37
284.50
273.92
269.76
270.49
277.47
280.90
286.79
286.84
286.30
279.96
276.97
281.45
281.56
289.18
302.99
322.71
320.47
331.25
331.63
333.32
331.00
317.81
308.30
290.85
273.57
271.94
261.95
264.59
269.31
272.77
274.81
276.35
276.91
274.74
279.21
278.69
275.82
275.04
291.30
302.91
310.86
327.20
330.16
333.21
329.70
306.83
287.97
273.70
266.50
275.54
281.71
280.44
282.09
289.53
294.50
293.46
287.98
284.52
281.67
279.49
279.66
287.10
301.91
304.53
321.97
328.60
336.83
335.68
327.65
311.93
303.08
292.76
285.68
296.63
302.96
310.16
313.26
317.00
320.30
320.55
320.03
329.07
335.43
342.17
340.31
340.65
318.56
308.35
325.98
335.94
338.19
338.02
336.55
323.13
319.30
310.38
309.29
322.09
326.67
325.85
329.29
324.97
331.02
330.79
319.66
319.51
324.02
326.25
325.94
336.71
333.17
332.74
338.59
336.40
335.54
336.57
343.77
334.06
339.14
328.58
329.96
330.14
328.90
332.67
330.31
326.03
325.94
323.87
323.01
320.68
324.50
321.69
320.20
314.05
329.39
322.37
335.45
339.47
339.51
339.22
344.72
360.32
353.45
345.14
345.13
342.53
336.14
334.97
324.14
310.85
309.33
314.99
327.06
333.07
334.81
348.19
359.15
373.36
370.64
366.81
376.45
398.97
414.95
410.33
409.49
403.41
384.08
379.17
375.57
373.56
365.28
350.77
345.19
338.65
335.14
345.31
344.49
350.91
352.60
361.35
358.99
369.34
364.06
361.13
350.68
349.89
359.07
364.50
362.87
367.70
363.04
358.36
352.12
339.94
331.31
328.94
321.22
320.86
320.77
320.96
311.19
307.07
309.18
326.58
325.88
326.98
334.92
333.32
344.09
343.80
344.11
341.84
327.72
321.49
318.69
315.27
313.96
310.90
309.90
318.72
314.86
316.13
324.00
325.21
321.14
314.18
306.35
304.49
295.49
312.50
322.14
333.42
344.84
342.01
341.12
340.53
345.04
338.25
349.41
338.12
321.10
321.47
335.26
339.48
333.81
324.16
326.56
335.17
340.11
323.70
328.27
339.98
343.97
345.12
345.76
338.75
244.29
312.96
325.66
327.57
328.50
348.18
348.39
338.44
324.89
322.55
329.22
334.79
328.69
329.53
332.95
332.77
321.21
329.15
336.37
344.95
347.18
356.12
347.11
330.07
319.61
328.86
337.21
338.51
339.73
351.33
350.08
347.73
336.16
337.85
337.20
341.34
343.53
333.40
333.12
338.46
340.17
346.07
354.93
359.93
364.60
369.92
356.43
343.32
352.83
350.51
340.83
338.51
341.04
349.05
345.54
334.16
322.48
319.29
317.10
295.52
312.27
305.02
313.93
321.91
321.94
320.63
325.47
332.33
340.86
357.02
368.86
393.74
402.11
400.41
397.13
397.61
397.08
396.38
393.12
366.51
356.55
349.55
342.26
340.23
339.95
339.63
343.01
352.49
345.70
346.11
353.01
362.16
366.10
366.07
368.14
360.77
373.65
372.37
369.28
370.54
374.63
375.44
367.64
361.87
361.89
351.19
353.28
353.39
364.04
367.44
363.19
365.47
367.48
368.63
365.58
370.36
370.26
377.82
371.47
366.15
366.84
367.59
364.35
369.05
374.37
369.79
353.34
346.63
345.65
346.42
357.31
363.47
372.59
373.08
376.17
376.37
377.36
376.31
385.85
393.09
385.32
389.84
403.12
391.56
389.81
379.03
377.12
380.85
381.55
364.73
347.93
354.17
351.45
349.70
349.79
359.41
359.74
362.77
365.72
368.17
365.20
364.21
367.49
367.08
360.98
364.05
366.81
380.36
390.55
389.16
387.53
390.29
390.78
385.06
361.89
335.53
329.46
329.46
333.86
329.71
325.64
331.11
332.01
338.28
339.20
334.02
325.58
333.87
331.99
347.01
353.48
369.22
351.19
347.55
346.79
350.31
350.29
355.21
337.67
321.28
313.67
315.53
319.38
332.94
345.13
348.58
344.19
348.15
348.33
339.14
334.47
338.03
339.95
352.35
355.81
353.21
350.68
350.64
357.17
360.94
361.84
350.72
345.38
340.54
332.55
334.39
322.40
318.72
306.54
302.36
307.88
308.55
309.41
308.39
305.01
310.51
313.60
326.13
338.92
340.01
345.02
352.61
362.84
368.49
369.81
365.32
365.50
339.27
330.17
322.17
314.82
312.44
311.58
301.78
302.94
301.70
304.79
301.61
300.73
292.04
290.40
294.21
300.24
313.58
317.00
306.10
315.21
315.45
312.23
301.60
289.67
278.47
275.22
275.48
276.55
276.75
272.27
267.59
266.85
263.95
259.67
259.62
258.70
268.25
261.26
262.48
268.04
265.48
275.46
282.54
293.25
297.59
288.17
279.05
271.08
260.63
273.42
275.12
279.83
280.86
282.15
283.81
289.82
291.98
287.30
279.59
278.43
286.59
277.26
284.91
298.46
297.38
310.13
312.87
319.76
321.98
322.51
305.53
290.11
278.49
273.29
294.14
300.39
304.05
306.93
307.88
304.17
303.08
304.20
295.79
292.76
297.85
288.83
302.72
310.90
309.26
313.97
315.32
314.76
318.68
325.64
307.81
291.82
279.70
278.87
277.21
284.66
295.05
294.22
293.11
291.46
284.81
280.33
275.90
273.61
278.44
276.83
279.76
293.05
293.63
303.17
310.76
316.55
320.75
308.98
290.23
277.42
268.72
265.84
281.79
288.81
290.23
293.59
289.42
291.07
286.68
278.78
280.80
283.45
284.09
278.92
283.46
295.72
298.28
311.69
324.30
329.35
334.44
337.28
325.65
305.28
299.49
293.48
289.80
287.95
291.42
293.40
294.37
297.74
299.13
295.36
290.46
283.31
284.78
289.53
305.32
312.53
317.93
333.72
332.62
331.60
329.48
329.44
328.44
330.41
335.24
323.22
299.86
301.32
302.68
297.54
295.88
298.16
313.66
308.18
307.60
311.58
315.55
315.36
318.02
310.87
312.07
314.25
327.12
336.28
334.32
331.12
329.63
328.53
335.13
328.32
305.64
305.68
302.94
304.65
309.88
325.32
333.25
345.14
333.00
321.37
318.98
322.76
333.93
330.96
336.53
344.34
349.12
363.05
366.38
372.64
382.48
379.32
368.44
364.83
357.92
343.88
340.04
336.36
336.46
316.12
307.98
308.11
320.34
321.09
328.43
338.01
332.92
348.47
345.09
352.80
366.96
360.77
362.36
366.68
377.62
377.58
370.82
363.65
344.78
345.42
345.77
345.88
355.02
363.12
364.81
364.85
371.53
376.17
377.53
374.48
380.15
363.29
358.58
363.35
364.55
360.83
358.95
359.85
368.47
370.68
370.91
381.26
380.22
386.67
375.27
370.94
363.07
361.96
359.14
360.50
363.81
366.89
362.57
364.85
360.42
344.55
335.31
342.61
339.43
339.49
339.26
340.99
352.85
357.74
350.49
348.41
349.80
347.02
340.13
340.85
329.94
305.85
300.10
296.72
294.51
296.00
296.17
302.98
298.13
308.15
298.48
317.12
319.60
321.96
323.66
327.28
327.81
313.70
329.07
323.83
320.33
325.32
324.79
322.56
317.41
304.64
285.97
284.28
280.29
273.29
279.23
287.78
283.37
292.30
300.88
311.11
305.88
304.90
303.37
300.14
302.77
303.23
310.65
290.29
286.31
292.98
308.93
317.55
309.77
303.12
300.28
298.42
299.67
304.58
305.59
310.99
300.22
296.74
293.18
300.34
305.80
296.95
293.77
287.51
285.58
286.64
287.55
288.97
282.38
302.31
298.67
293.39
300.01
307.03
310.97
312.24
313.08
319.81
315.27
305.38
293.56
298.46
308.63
306.71
307.74
304.30
301.11
301.61
306.93
305.87
310.98
308.83
309.32
306.58
313.95
319.82
324.12
325.10
326.30
323.49
312.96
306.73
307.60
313.43
315.62
311.24
319.94
326.49
318.27
313.66
313.23
316.06
325.95
331.23
328.24
332.31
317.85
313.39
310.94
320.38
330.60
329.34
330.96
335.96
339.92
335.74
338.96
339.05
340.75
332.31
322.48
312.00
315.34
312.93
313.43
313.51
329.13
343.39
356.04
364.08
365.33
361.48
362.69
365.04
366.35
366.97
359.54
363.46
360.64
358.11
360.93
351.95
339.21
338.00
348.02
348.80
342.63
337.25
334.61
337.56
347.71
348.21
351.00
351.42
358.20
353.48
334.95
330.36
323.27
324.24
321.66
323.18
323.13
326.62
321.60
317.86
321.13
324.72
318.01
313.93
306.79
309.17
317.61
327.86
327.15
330.93
322.97
316.88
321.68
313.25
307.34
298.49
291.07
284.40
289.85
286.74
277.83
274.65
279.20
293.73
315.50
324.34
327.13
314.59
315.84
338.29
331.09
358.63
365.31
364.63
370.84
370.98
370.67
360.93
358.23
352.96
353.17
350.34
350.56
345.03
345.08
345.08
348.06
357.40
360.39
359.04
355.88
351.04
348.54
336.32
332.07
336.04
342.32
340.48
327.53
310.59
315.14
312.62
313.52
315.16
317.15
328.44
332.44
330.39
332.45
332.92
333.37
336.98
339.45
329.40
330.93
326.87
337.36
345.58
353.21
360.08
371.93
380.26
373.60
363.48
361.41
362.04
366.26
361.47
355.11
355.99
355.09
361.59
363.85
367.91
372.67
373.69
385.90
361.78
339.48
339.42
356.87
360.98
356.39
353.21
367.57
378.40
383.42
384.96
384.95
382.31
365.89
351.05
331.73
330.71
325.67
312.46
305.94
304.53
311.03
324.02
332.19
333.83
323.01
316.19
316.67
315.82
316.19
313.03
329.08
340.86
344.11
345.86
346.26
340.82
330.78
325.91
317.96
315.69
309.98
309.19
312.00
318.68
316.79
312.62
312.56
310.43
316.47
330.61
331.82
328.09
326.48
322.76
339.32
351.70
358.00
352.61
355.29
340.57
326.65
316.71
279.55
287.27
289.80
285.19
285.52
284.88
291.42
296.96
310.27
311.08
305.66
306.25
306.66
305.64
301.16
300.53
306.39
305.72
306.20
302.18
305.68
298.27
286.68
278.49
275.97
272.77
278.28
277.63
265.75
253.66
252.01
259.01
269.99
276.20
277.83
265.59
263.37
272.56
268.70
266.31
271.13
270.59
273.80
281.32
275.55
277.45
267.22
258.66
251.02
244.64
241.62
240.87
246.87
251.23
253.47
249.90
253.06
264.34
254.70
259.12
266.10
263.63
260.89
256.43
257.35
257.91
257.57
262.67
257.69
244.51
243.26
236.47
233.67
234.39
241.12
235.81
232.63
230.48
232.94
233.08
236.05
249.50
254.11
258.44
267.55
267.16
265.45
262.82
264.95
265.08
263.87
277.45
272.68
266.00
254.41
249.98
246.13
247.72
252.92
254.19
255.73
259.32
254.30
269.67
267.88
267.10
272.50
270.10
272.43
279.54
279.77
284.22
294.84
284.53
292.91
289.14
287.89
283.60
281.86
280.59
271.03
274.11
272.57
276.77
279.21
278.34
280.70
288.32
283.77
283.89
287.22
279.79
273.50
286.62
284.78
296.03
298.02
292.45
294.92
293.42
286.42
290.44
288.20
289.97
285.26
284.71
283.25
285.34
288.35
292.82
306.75
317.49
315.41
314.06
314.50
317.44
308.50
315.00
313.94
314.49
322.26
317.17
318.25
322.67
327.54
327.32
313.35
315.80
318.96
316.16
315.94
318.57
321.28
328.53
335.22
342.48
333.62
323.63
317.21
314.14
321.72
331.32
331.85
331.53
341.52
344.68
343.73
343.63
335.10
336.42
351.89
347.55
337.49
331.74
335.36
336.98
332.97
331.49
327.36
333.01
326.88
324.98
323.38
318.42
332.10
325.50
326.65
322.03
323.88
330.77
337.06
331.22
323.64
315.32
317.22
315.83
311.44
313.28
314.72
317.21
315.85
312.04
305.97
285.68
293.94
307.84
297.95
307.78
310.57
306.82
303.98
299.90
298.99
300.33
305.24
297.51
295.34
305.20
302.23
292.83
295.41
298.16
302.97
304.66
307.47
305.12
306.66
312.11
316.75
327.18
318.47
323.27
330.16
328.19
326.87
326.38
330.98
334.36
336.47
331.00
318.16
318.47
313.61
313.25
314.10
310.30
312.68
327.73
333.58
341.29
339.32
342.13
344.35
348.49
335.14
330.55
328.73
327.11
324.91
322.66
327.54
332.71
347.98
347.94
340.54
331.40
342.14
336.47
328.29
325.23
331.97
330.58
327.86
329.12
320.33
317.60
312.66
312.03
312.66
317.73
329.59
324.68
321.96
323.20
326.53
330.63
336.84
342.55
339.40
334.75
318.59
315.57
317.59
319.09
316.88
299.26
289.98
296.32
291.76
288.19
288.34
291.25
307.82
306.29
298.59
304.51
315.18
312.78
313.71
303.76
306.96
313.41
316.58
312.53
317.22
316.79
312.53
312.86
312.38
312.15
309.89
307.91
312.31
325.00
327.78
321.64
313.01
324.76
327.17
324.16
320.78
321.44
329.48
323.72
308.27
305.93
315.73
311.81
319.74
316.51
319.82
317.15
311.69
314.80
315.84
315.40
319.47
330.43
332.34
337.85
338.59
339.42
346.59
348.93
346.27
349.44
342.96
334.82
336.72
334.33
326.35
329.42
318.50
305.05
303.94
319.56
330.59
335.00
333.27
320.11
302.53
308.04
316.90
321.00
319.50
326.92
326.93
324.36
321.16
318.88
317.60
319.37
316.76
300.12
300.44
299.39
294.06
298.84
303.95
325.13
332.35
332.61
323.74
313.81
301.18
305.52
306.32
323.04
322.92
332.43
331.90
328.85
326.48
327.99
334.73
324.22
311.57
309.09
302.52
305.64
304.27
306.06
307.29
314.97
317.38
319.08
306.18
295.51
299.59
308.73
306.68
310.41
292.95
298.21
309.08
316.42
314.39
314.82
323.68
325.11
323.32
334.56
326.83
327.03
338.32
337.09
335.85
340.34
320.54
304.27
308.27
309.83
315.25
322.47
321.83
340.64
332.08
335.17
349.38
351.46
350.51
354.20
359.71
360.88
365.94
359.77
364.23
367.23
353.07
344.06
332.60
313.37
303.87
300.39
305.57
303.89
311.25
316.03
320.13
329.29
336.84
344.30
355.57
360.88
358.42
361.04
366.36
366.52
358.25
343.57
349.04
353.84
352.01
354.01
350.27
337.29
328.59
327.21
331.57
331.21
338.14
340.69
341.31
346.83
352.05
359.51
365.92
364.80
363.22
362.96
364.87
370.33
384.32
395.11
400.24
403.84
386.57
374.61
379.43
377.23
373.08
366.79
359.43
352.66
348.50
351.20
365.43
349.72
338.41
352.76
357.85
357.88
356.97
353.04
351.17
355.22
353.86
362.02
356.67
348.98
360.17
366.22
354.10
345.50
327.22
342.00
343.21
341.43
338.09
335.80
332.83
336.41
328.15
323.22
334.92
326.30
327.60
325.96
321.14
321.83
329.59
340.50
344.64
359.78
356.96
346.14
329.03
326.43
307.60
306.23
315.61
318.74
317.59
326.36
323.13
310.19
301.33
316.91
320.15
341.26
339.91
342.15
343.59
341.45
326.22
315.88
313.84
313.61
325.36
318.77
317.30
314.24
308.31
306.99
304.01
307.77
314.96
331.26
346.20
342.61
340.19
345.89
344.48
341.87
340.45
340.91
347.80
344.90
345.64
339.91
326.99
317.99
334.99
330.90
323.04
315.40
307.06
305.55
305.64
308.13
318.80
323.55
330.82
335.23
335.34
348.94
345.45
340.01
338.25
335.68
341.70
344.11
347.88
360.83
361.09
345.63
336.89
318.61
318.53
315.76
306.33
303.68
301.84
304.24
309.61
313.22
313.95
319.37
312.83
323.17
328.40
331.30
331.53
330.13
337.07
336.47
323.51
320.13
311.63
306.93
305.08
300.90
287.87
287.58
289.37
290.05
290.35
290.61
298.16
305.18
311.18
321.89
329.63
339.45
329.67
326.53
325.19
325.63
332.78
334.70
326.15
317.62
312.07
311.63
302.70
300.85
317.47
322.64
333.85
343.68
342.82
344.52
348.15
343.38
338.43
347.13
333.10
335.10
331.96
328.23
324.55
321.27
319.99
320.64
321.70
329.31
326.36
328.85
347.41
348.63
344.28
348.11
354.76
346.64
355.73
356.91
354.82
349.57
342.32
329.74
327.86
336.09
341.79
334.57
333.42
333.62
330.71
331.88
338.97
339.25
341.81
361.20
369.28
367.31
364.37
343.13
331.71
322.00
317.69
320.63
321.05
311.08
315.59
321.60
320.82
332.97
343.96
340.26
341.91
343.96
348.20
344.42
340.43
335.55
332.00
323.88
324.12
321.68
317.67
323.41
323.44
320.40
321.94
321.75
324.44
336.63
331.68
324.71
322.70
327.27
337.57
338.12
336.22
337.52
341.02
339.31
338.08
345.48
351.93
341.51
338.96
327.43
332.35
340.17
357.26
371.71
372.05
380.48
394.96
408.49
413.93
402.07
385.19
365.73
372.88
375.71
373.91
375.98
380.00
378.65
381.25
389.96
385.36
378.63
387.23
391.31
381.07
371.39
368.36
369.57
371.64
372.86
382.01
405.91
410.80
418.91
404.88
373.32
367.87
383.97
379.12
379.17
381.11
379.09
380.31
383.51
371.97
353.65
341.88
334.04
329.76
319.75
318.27
308.00
305.60
290.02
303.01
314.02
324.34
338.53
353.62
367.87
368.32
364.23
364.47
359.78
354.53
348.51
342.60
324.19
304.91
294.98
285.57
278.74
280.09
278.58
288.17
307.30
315.38
328.89
334.27
331.22
340.79
342.93
356.50
367.62
379.11
381.91
378.95
377.00
374.49
364.96
360.76
355.75
340.29
330.57
330.21
317.97
301.73
289.30
275.98
268.17
273.51
284.91
298.53
300.90
308.98
322.39
339.45
361.48
364.94
364.58
362.04
360.41
360.54
360.17
351.98
331.37
312.80
307.87
293.84
292.60
299.46
302.98
299.28
301.69
301.56
308.16
308.66
323.53
337.74
342.91
345.89
369.43
362.84
363.24
359.23
358.43
359.69
354.49
346.80
348.98
351.01
342.86
347.63
346.19
353.23
351.40
353.35
357.93
358.93
364.23
349.29
343.35
335.02
346.24
339.42
343.09
352.14
354.82
350.35
345.89
344.97
346.26
347.78
351.09
349.53
356.64
355.60
366.95
364.92
355.90
350.43
353.17
360.05
363.36
354.87
354.77
363.47
352.75
348.90
367.15
362.78
362.19
358.55
360.56
359.87
357.35
358.36
348.66
341.19
345.82
345.11
347.85
354.10
361.60
366.19
371.02
373.71
376.97
391.08
399.36
407.51
392.53
364.99
365.15
373.31
371.75
364.68
364.26
367.83
366.48
368.19
370.66
364.31
366.92
374.17
372.01
364.18
369.40
370.86
369.93
378.57
386.74
399.70
413.96
406.23
379.80
378.71
379.86
376.68
373.66
370.98
373.11
375.79
376.31
377.24
369.33
355.49
349.68
340.14
344.19
354.12
357.00
362.48
363.53
363.52
366.83
359.17
353.47
346.50
369.75
367.07
378.68
376.95
373.75
367.40
369.94
367.96
366.74
368.59
367.33
368.39
363.26
372.02
380.27
378.78
379.38
379.21
379.31
359.21
349.56
360.51
365.55
358.57
363.15
374.15
375.73
368.04
366.48
362.17
359.41
356.79
358.19
358.00
351.94
342.81
335.88
335.92
333.88
332.58
331.83
331.70
335.86
335.59
337.27
327.23
339.66
351.95
352.96
363.20
370.01
360.60
363.52
360.89
364.73
370.69
371.56
373.06
369.41
359.60
358.94
367.27
361.09
358.18
361.51
362.34
361.19
363.46
367.81
379.51
390.56
383.60
360.01
364.47
374.15
362.83
362.94
360.54
362.81
365.48
358.64
370.78
376.88
378.97
367.04
366.97
363.50
362.04
361.37
366.94
373.06
375.04
379.91
391.57
400.32
404.20
375.29
374.87
381.49
372.41
371.52
367.48
369.58
376.94
376.65
377.76
379.05
384.01
367.35
372.81
382.88
380.89
374.94
372.61
369.74
369.45
374.63
386.21
396.81
408.63
420.29
414.31
433.35
435.43
420.75
408.03
405.45
416.71
417.22
415.64
406.88
404.18
386.17
376.10
370.32
357.12
352.56
349.99
352.13
355.19
363.53
378.46
388.06
409.78
418.14
410.98
413.56
427.69
432.50
427.82
427.88
429.53
428.60
426.83
415.60
403.04
391.32
382.45
373.72
365.62
358.87
358.77
360.52
363.54
375.27
389.22
403.37
412.78
424.64
422.78
409.14
393.57
381.60
373.53
370.87
368.66
367.44
364.79
361.96
343.40
340.69
360.28
367.39
360.80
355.97
353.15
358.42
359.41
366.64
378.08
399.61
418.48
413.36
394.30
383.03
373.29
371.69
366.60
364.13
359.06
359.41
355.04
360.52
358.41
357.61
366.18
373.38
370.28
366.07
364.47
364.23
354.53
359.77
366.23
387.49
398.59
412.96
398.94
377.76
362.17
360.99
359.53
361.25
362.39
372.46
376.59
380.09
361.90
355.92
360.37
366.39
369.66
366.56
360.75
365.06
369.35
377.68
394.31
405.39
418.55
408.97
378.73
369.03
385.75
385.43
383.56
384.69
385.35
388.61
386.83
380.66
356.44
353.95
374.75
386.58
383.60
378.05
378.45
380.90
375.09
368.95
362.72
358.29
359.39
359.35
362.98
378.50
380.34
381.79
380.28
379.69
381.50
378.80
381.97
368.44
340.86
333.63
325.26
323.99
303.51
292.95
295.73
287.31
301.57
338.02
359.21
357.81
365.19
387.36
369.29
367.13
370.06
374.11
376.75
379.07
399.39
391.29
381.23
381.21
369.18
356.18
338.17
329.67
320.21
307.44
296.06
290.44
295.34
305.80
321.73
345.54
355.21
355.86
356.26
353.14
359.30
353.59
347.07
343.54
345.94
345.80
340.22
341.41
340.03
361.62
369.88
382.12
383.34
380.17
375.30
370.74
358.09
342.31
336.17
342.11
349.69
347.21
352.86
364.33
352.98
349.16
346.38
343.51
343.29
341.45
341.81
337.71
352.29
370.99
368.87
362.53
355.45
348.06
353.35
359.38
361.36
360.01
356.64
349.93
348.53
347.19
341.98
343.92
350.26
349.76
347.95
346.11
340.48
331.16
320.13
317.51
329.67
344.71
366.27
374.85
373.45
370.35
361.95
367.10
368.08
372.55
367.66
368.99
362.03
345.28
336.99
343.78
352.55
349.63
349.42
349.70
358.43
357.23
353.22
351.18
347.80
349.83
362.79
379.88
384.48
381.56
376.73
374.42
384.51
389.63
390.47
392.91
404.39
416.85
420.95
402.78
375.30
370.82
369.69
368.03
372.48
376.30
380.95
383.60
390.01
391.53
388.06
390.68
377.98
372.25
366.59
366.94
373.40
381.47
395.59
412.73
414.69
418.16
433.80
420.37
390.08
385.75
383.18
383.96
386.38
385.25
403.87
424.30
424.16
412.64
398.61
380.51
369.02
358.62
355.06
357.38
356.91
365.30
374.21
382.37
396.21
405.90
416.96
429.82
421.70
398.29
388.72
390.48
395.59
400.45
404.48
426.06
421.56
396.38
383.71
375.66
365.18
360.92
362.83
363.19
366.42
378.19
389.16
394.68
398.14
404.11
404.31
401.45
398.97
395.68
394.17
391.05
389.62
386.54
396.41
402.81
391.80
372.60
367.45
362.14
354.67
349.07
348.56
349.46
351.41
360.13
368.55
388.46
416.16
426.37
410.48
406.99
405.05
397.72
390.71
388.86
386.36
386.52
400.48
411.50
388.28
380.85
374.98
372.22
365.46
356.37
347.62
342.77
333.55
343.09
356.67
374.53
390.41
393.48
376.82
381.22
387.12
380.12
379.32
374.73
375.08
375.50
376.06
377.26
368.15
338.91
351.44
348.95
336.69
335.66
335.54
343.49
344.73
355.94
367.24
374.68
358.94
359.68
340.74
341.62
347.24
343.55
336.54
334.73
339.29
340.42
334.24
318.82
311.87
320.87
317.44
311.49
303.44
294.55
303.61
305.73
307.30
304.71
316.36
331.22
339.79
336.05
334.51
326.52
336.51
338.77
340.30
342.21
351.01
343.72
340.42
341.88
343.21
342.24
342.94
334.07
318.73
316.41
319.53
319.86
321.10
327.65
342.69
350.01
364.62
354.89
363.15
366.50
359.31
357.38
356.83
359.91
368.62
356.01
348.77
347.38
340.38
350.07
364.64
366.89
358.73
344.60
334.96
332.06
333.28
338.55
344.58
352.67
366.46
375.02
369.42
359.00
368.01
373.18
368.75
375.19
387.46
394.02
398.99
393.45
392.42
377.23
361.24
353.56
334.17
311.31
303.03
300.85
306.00
311.67
324.61
332.33
331.72
325.70
333.69
339.20
354.37
351.52
349.19
351.18
355.32
357.22
356.18
348.92
346.21
345.49
336.36
323.41
318.52
312.47
303.47
310.36
340.87
343.55
349.65
347.86
345.57
350.49
353.14
353.57
362.69
357.94
353.82
352.10
351.38
350.26
348.00
347.82
353.02
385.62
374.51
367.69
358.81
353.62
347.94
350.19
345.19
347.08
355.68
367.39
381.72
384.09
380.53
385.77
379.38
370.94
365.50
362.25
357.73
355.48
353.93
342.93
355.55
361.10
350.38
338.10
337.65
338.34
330.26
328.85
327.07
327.98
338.41
344.02
339.43
346.28
337.67
332.07
334.34
338.03
334.38
333.36
347.61
358.64
363.75
346.15
347.46
340.16
345.55
341.96
323.61
317.92
305.53
302.50
295.89
300.64
316.54
331.31
334.87
328.87
339.26
345.33
339.64
338.41
339.51
340.53
344.11
339.55
329.71
340.71
354.21
355.33
343.18
325.22
316.56
313.49
308.76
307.68
310.49
313.36
323.24
333.48
335.45
339.54
339.87
354.85
349.80
350.52
348.44
348.50
352.26
364.96
365.57
365.27
364.64
352.50
339.32
329.22
321.07
322.15
317.29
316.46
317.99
321.68
321.51
326.95
331.86
337.69
341.56
348.73
345.58
348.77
353.20
353.65
356.76
347.29
336.05
340.20
342.21
337.34
328.66
323.52
313.71
301.53
290.70
298.28
298.97
298.56
303.32
305.54
306.87
317.02
314.18
308.43
308.57
317.10
329.99
341.69
346.71
353.74
353.90
347.04
342.78
344.08
339.95
340.52
345.64
349.71
343.96
346.97
348.63
353.04
364.18
367.78
363.76
363.93
365.86
377.43
372.77
361.01
368.13
369.40
366.95
367.96
369.75
377.00
392.13
382.70
371.67
360.55
334.44
319.04
310.33
309.29
308.23
326.63
342.82
351.82
341.24
318.90
321.79
331.65
352.60
353.44
344.05
333.38
332.32
334.31
338.96
347.00
369.50
358.05
345.96
338.85
328.30
317.70
315.42
313.16
298.08
300.89
311.09
328.44
347.47
345.07
335.56
350.13
355.23
361.14
359.79
367.96
373.89
367.75
357.22
365.22
375.59
364.41
360.93
349.43
336.51
336.79
335.41
335.90
340.21
347.94
366.41
373.77
387.50
387.45
383.62
379.18
371.75
369.91
365.06
360.41
364.31
365.38
366.54
368.35
372.35
367.38
357.47
351.47
352.78
351.66
351.48
349.77
350.24
354.64
356.37
358.68
341.97
337.78
343.35
344.68
338.41
336.24
334.26
334.27
338.17
341.43
343.41
349.49
348.13
362.18
366.43
357.72
351.69
346.22
340.78
336.90
333.15
331.68
329.34
332.66
324.44
318.21
315.70
313.09
325.96
323.30
320.66
321.36
329.02
327.01
334.04
334.12
336.89
333.80
329.52
332.62
332.10
328.57
322.34
323.34
321.12
318.13
316.76
312.43
315.29
315.19
294.45
295.08
303.50
302.07
300.36
301.44
306.12
299.35
297.06
291.32
296.00
292.95
295.21
302.30
315.73
316.58
316.24
319.10
319.07
325.47
337.38
338.80
320.36
298.82
287.62
295.04
299.66
290.89
287.13
284.55
283.97
284.61
286.10
295.40
295.15
297.46
300.02
295.63
297.49
299.90
304.02
305.98
309.70
308.41
313.75
327.09
333.96
330.73
312.58
309.73
305.53
305.80
303.59
305.65
304.46
307.33
308.34
324.93
326.69
322.70
316.40
307.99
306.19
303.48
308.29
310.84
313.91
321.99
330.81
339.66
365.74
369.56
374.66
367.49
356.14
353.46
352.88
356.22
364.87
371.98
372.43
373.29
385.73
369.72
352.23
345.42
339.64
337.94
335.96
335.88
335.27
341.40
348.11
353.36
360.41
375.39
383.54
389.42
377.31
384.73
384.38
386.14
396.23
400.11
396.05
379.14
376.48
358.60
352.27
351.46
343.52
333.28
331.57
332.80
333.62
337.87
351.15
372.24
371.36
379.65
380.75
385.95
400.58
406.15
403.67
402.17
401.61
391.00
386.96
389.61
381.52
367.96
362.85
357.23
354.55
349.66
336.82
331.18
336.99
344.64
346.30
360.13
359.39
360.39
372.15
386.40
393.04
385.16
374.95
371.14
386.23
384.25
372.85
377.84
381.56
371.48
375.26
369.46
360.58
348.82
341.07
344.67
348.87
352.88
361.70
369.52
386.07
378.58
374.29
375.49
367.90
364.25
368.12
369.01
373.80
369.41
359.72
345.56
351.27
367.91
367.24
359.35
349.56
347.30
345.59
345.12
342.95
347.35
352.03
348.70
353.35
353.19
368.50
376.81
361.90
372.81
374.95
371.28
371.06
371.30
370.02
368.80
364.65
365.62
368.46
348.90
347.82
350.14
351.90
349.02
332.77
335.23
338.98
359.10
374.03
364.17
355.76
368.70
370.03
377.21
375.68
373.12
374.37
374.37
365.16
348.21
355.71
360.28
354.82
348.03
340.72
335.55
335.78
334.49
336.40
349.22
357.55
360.88
377.80
362.58
345.47
350.80
358.70
356.32
355.07
358.32
347.76
337.12
322.74
320.51
328.70
339.00
342.96
335.99
324.94
327.40
332.40
339.60
356.56
359.18
357.26
359.73
359.00
358.95
368.51
381.06
375.09
373.29
369.75
372.24
379.23
380.40
381.60
371.22
364.47
350.50
340.74
331.47
333.00
343.87
346.54
346.89
348.98
354.70
356.79
362.66
354.97
350.98
359.48
367.80
361.45
343.26
336.31
335.16
343.24
343.78
336.43
324.95
314.51
310.31
321.40
322.13
325.38
318.32
314.35
319.29
320.75
321.06
323.68
326.45
333.87
338.57
319.10
329.99
336.37
330.60
326.49
329.02
333.58
330.82
324.54
317.53
321.74
322.25
308.33
302.34
301.22
311.62
326.13
326.01
319.01
315.34
310.58
296.96
297.27
312.35
329.06
334.94
329.12
327.23
320.93
324.40
326.78
329.03
330.56
328.93
320.70
316.06
309.42
305.35
320.59
326.70
336.49
338.91
334.93
325.09
311.69
297.64
303.17
320.24
329.85
334.87
354.15
357.20
350.54
351.13
348.20
348.37
343.45
344.43
342.35
331.65
318.31
313.12
305.85
302.75
303.60
311.43
315.47
310.77
302.64
318.00
316.00
322.43
329.04
343.19
343.60
344.27
339.28
341.05
338.54
339.52
335.51
334.93
327.07
319.67
315.40
316.22
305.71
324.00
344.83
346.65
339.02
327.24
311.53
316.92
321.38
319.83
328.63
331.81
337.21
335.38
335.22
341.18
336.82
333.87
335.31
357.16
345.37
341.93
337.52
339.94
349.69
353.20
351.52
353.82
355.38
355.76
344.80
346.80
351.77
329.60
326.56
329.48
340.14
338.60
346.87
342.88
344.72
332.63
333.96
331.61
323.32
338.51
342.24
331.18
323.63
319.73
316.87
312.72
298.87
296.55
303.63
310.60
324.11
325.09
345.66
357.71
359.99
358.41
356.46
357.13
358.07
355.34
352.10
344.99
335.54
339.04
338.30
325.96
323.71
318.58
313.79
310.01
311.04
300.94
308.69
310.07
318.22
324.73
319.13
324.05
336.22
343.84
343.46
341.35
344.63
333.66
322.93
317.15
314.97
315.86
312.91
305.35
303.02
308.21
302.78
298.49
294.11
296.26
309.95
305.28
299.32
297.97
305.51
322.01
325.75
332.39
328.43
326.42
330.22
328.40
322.87
309.90
306.48
302.59
296.63
294.85
301.26
306.52
307.82
309.33
311.22
316.17
315.49
307.57
318.46
321.73
322.24
320.28
321.00
328.57
326.44
321.19
322.81
326.34
318.30
315.35
299.35
286.03
295.52
312.28
314.53
313.48
315.13
313.91
309.39
321.41
329.31
323.70
305.14
318.36
322.51
315.26
320.43
321.37
318.76
317.05
315.68
317.92
311.55
311.62
314.24
304.80
307.60
307.04
302.24
298.24
299.94
307.89
309.45
309.71
305.74
309.73
315.53
328.68
329.68
318.41
307.64
306.61
304.59
312.19
318.26
320.24
314.44
308.28
301.50
295.35
308.31
314.25
313.92
303.08
301.52
306.15
302.27
309.26
305.73
297.16
303.26
298.48
291.71
297.52
311.60
309.84
309.42
311.51
314.33
326.26
318.06
308.74
295.49
290.78
284.90
290.88
293.76
293.24
291.45
291.79
288.12
267.36
264.89
270.68
281.43
286.92
299.49
308.54
303.45
302.88
301.63
305.53
312.40
329.02
325.77
326.48
321.12
311.54
305.56
299.78
299.45
296.37
297.04
296.44
291.68
285.98
289.23
297.38
293.99
290.27
291.84
295.07
294.09
292.33
292.16
292.88
302.90
302.11
291.50
285.63
286.97
287.25
285.31
277.75
268.70
262.00
260.26
268.72
270.56
273.97
278.90
285.91
275.54
276.29
288.14
289.79
288.74
285.87
287.73
288.77
295.31
264.72
259.01
251.81
251.45
257.48
271.26
268.11
273.62
277.82
280.75
289.86
286.44
275.00
257.35
254.66
264.47
264.89
272.82
289.43
301.34
294.61
297.22
293.32
290.24
289.06
287.10
290.19
276.40
264.82
254.61
249.16
236.71
229.17
236.29
236.36
235.03
247.97
251.99
259.87
257.94
266.66
270.95
280.61
283.89
283.84
285.20
281.98
281.44
280.25
270.07
257.83
251.55
249.73
249.40
244.93
238.01
239.58
240.05
242.41
241.75
241.61
242.60
253.19
255.02
259.11
279.95
289.13
285.16
286.66
288.38
290.83
298.63
296.11
287.99
283.26
275.03
267.43
263.97
260.33
257.04
244.60
250.15
255.22
256.37
258.16
259.70
265.61
271.05
270.06
283.31
288.21
290.44
290.35
286.61
289.85
291.66
295.24
283.83
272.69
260.90
260.99
268.29
266.24
258.59
253.85
254.10
259.98
262.07
262.42
260.18
265.17
278.83
274.74
279.46
277.84
288.47
290.25
289.23
295.17
301.94
297.36
286.02
281.37
260.89
266.54
276.04
290.09
292.31
292.28
295.57
289.29
290.41
283.47
267.27
256.50
264.15
269.40
280.65
296.73
291.35
291.93
297.94
302.65
295.01
293.02
285.37
287.39
295.92
303.02
303.43
302.36
305.39
304.70
296.76
297.72
294.15
290.67
307.57
293.91
273.13
281.35
305.18
307.72
302.53
298.75
300.10
303.63
309.73
320.78
323.90
320.57
313.01
303.12
297.61
292.40
285.12
278.10
277.26
274.36
268.16
274.73
279.57
284.85
271.64
262.53
268.10
278.45
286.83
278.23
275.99
273.90
272.82
277.67
275.41
274.90
263.74
240.59
244.93
239.95
239.23
252.35
258.12
260.57
261.32
256.17
243.64
249.39
255.69
252.98
262.89
272.87
272.25
268.88
267.22
264.53
264.51
261.57
262.98
260.44
253.87
239.86
247.20
240.17
241.76
249.06
253.16
256.03
258.72
257.59
260.12
256.33
245.21
240.42
256.95
260.72
270.77
284.46
281.26
288.99
274.70
259.22
251.22
254.13
260.56
274.77
285.01
288.89
280.90
271.50
275.13
279.51
282.44
282.12
281.31
277.78
276.33
273.71
277.14
286.51
280.99
275.79
271.95
271.34
285.96
287.59
279.66
274.21
279.80
268.31
278.26
281.92
288.82
291.28
290.79
294.33
295.64
289.11
282.38
278.29
267.93
257.59
269.15
285.51
284.74
278.23
278.74
284.53
294.17
287.12
293.95
299.21
281.98
281.39
296.53
292.76
282.25
281.25
284.76
287.84
282.70
281.60
283.60
285.60
278.32
283.47
285.67
284.60
284.66
283.95
284.48
286.13
292.95
283.14
281.13
288.66
285.10
260.40
253.99
255.02
242.41
224.62
225.76
225.67
226.35
227.27
229.33
227.31
230.98
232.01
249.71
255.84
281.90
279.10
277.36
275.72
292.09
294.58
291.22
284.81
271.16
267.83
267.06
254.79
251.76
246.28
257.87
255.31
253.96
252.25
260.56
263.12
260.21
253.12
256.13
252.94
275.21
273.89
268.89
268.34
266.87
272.67
273.95
265.73
257.01
250.54
250.42
258.65
251.96
253.65
256.48
256.14
256.46
249.26
259.32
259.47
250.18
242.47
242.99
251.23
266.44
265.94
261.62
260.49
260.65
265.69
273.32
268.74
259.70
242.53
242.89
248.24
254.79
257.95
260.01
262.86
264.02
258.20
265.49
273.07
263.31
265.73
261.92
261.62
270.15
264.53
265.07
273.80
271.26
268.38
268.80
254.96
255.48
262.91
266.89
274.86
272.81
269.08
264.35
263.12
264.22
268.19
273.01
279.98
290.56
267.18
264.95
274.94
281.25
279.44
278.88
279.67
282.59
288.72
287.65
279.79
266.84
267.08
278.64
278.31
267.29
262.39
260.58
259.05
250.52
253.58
261.03
270.66
270.63
252.26
249.35
258.62
276.73
274.92
271.89
276.32
287.17
298.96
294.35
276.07
261.07
259.89
259.50
260.14
253.56
238.97
223.54
221.24
214.24
217.52
230.05
229.95
236.99
248.77
253.14
247.25
255.45
263.31
265.17
267.35
266.12
283.78
293.98
299.10
291.98
286.51
270.67
269.83
267.66
268.38
267.10
266.34
271.08
285.35
284.55
287.81
289.78
283.23
264.92
267.06
272.81
280.26
280.19
279.15
272.31
292.94
300.68
299.95
298.01
287.96
277.10
268.63
269.15
268.98
262.11
261.30
272.95
272.42
273.10
274.33
277.58
254.75
229.51
236.79
242.78
235.97
229.21
234.11
234.09
236.05
229.71
217.91
205.98
201.01
197.96
195.27
192.98
191.56
194.55
196.13
204.02
209.87
217.22
222.30
225.05
221.16
219.69
214.65
217.36
222.43
216.71
221.91
224.40
221.59
220.19
205.25
196.28
192.64
188.12
185.25
187.57
184.39
183.41
186.80
193.42
194.72
199.94
196.42
208.58
211.28
213.19
222.37
220.44
221.03
220.62
228.97
248.68
262.43
269.17
262.68
258.72
255.12
255.36
251.84
249.83
244.45
239.72
241.58
248.26
253.78
246.61
248.04
254.22
237.40
224.77
225.10
234.53
236.64
236.84
254.18
269.47
263.08
272.11
264.28
256.13
248.04
247.20
244.48
243.43
241.59
241.41
240.66
242.23
247.50
257.06
263.95
272.02
253.65
232.48
246.31
249.79
259.31
254.80
267.29
280.05
290.14
287.93
276.91
277.30
273.97
267.94
262.63
261.99
255.23
230.09
223.64
227.03
241.48
245.79
251.10
249.74
249.98
258.64
271.34
274.55
273.15
269.48
275.98
285.94
273.42
266.54
260.33
254.55
251.16
249.89
242.47
229.75
225.97
220.66
220.91
223.37
228.03
232.58
240.04
242.38
255.06
259.88
266.63
276.53
284.79
282.98
282.79
282.19
279.54
284.41
283.96
272.28
257.26
259.64
254.51
251.35
238.90
232.86
230.84
235.76
237.05
235.33
241.95
241.01
257.27
251.11
247.87
249.24
268.25
265.85
265.40
267.93
271.87
263.78
244.02
239.65
239.79
244.42
241.44
233.47
229.63
226.95
231.95
233.88
235.34
240.25
239.97
238.57
243.70
245.00
257.65
256.34
259.40
253.63
252.20
257.91
263.24
249.29
241.85
243.58
248.25
244.63
242.20
240.29
229.62
228.70
230.02
230.31
221.28
219.79
215.92
221.50
236.04
246.60
251.12
259.89
257.72
274.51
259.55
281.90
290.38
286.46
284.44
292.76
285.35
282.24
289.49
287.68
287.72
289.21
287.99
281.10
287.53
285.32
276.83
273.40
271.68
262.31
261.83
258.26
261.40
267.86
268.97
286.89
293.06
292.22
283.93
273.41
266.31
277.31
278.65
285.21
282.73
279.82
274.33
274.89
270.59
271.35
274.19
280.87
272.30
266.64
265.84
270.21
280.42
286.51
285.40
289.60
285.13
274.26
265.26
260.11
260.21
264.86
264.93
265.26
262.54
259.33
267.72
269.48
266.96
257.27
256.36
263.99
268.17
272.19
281.42
287.70
291.03
290.46
292.63
298.24
299.86
302.65
293.52
293.43
295.50
281.01
275.43
270.80
268.05
271.28
274.18
268.43
273.20
269.27
258.79
261.88
272.59
262.57
260.68
265.76
276.40
281.18
273.38
264.08
252.36
238.60
234.08
238.53
242.33
239.85
246.20
246.79
257.04
268.82
275.22
264.41
265.68
268.63
270.72
269.44
276.53
271.37
284.30
276.98
272.90
275.48
277.47
293.52
281.14
274.81
274.09
264.90
261.25
259.88
275.71
259.12
236.87
220.61
202.04
211.68
209.49
213.60
207.58
208.72
208.27
230.06
234.99
249.82
253.48
256.70
275.00
275.73
280.15
295.43
289.14
284.48
281.84
288.39
298.69
308.46
311.62
313.04
316.24
308.96
304.25
300.78
303.11
303.84
269.14
255.93
251.60
251.26
258.94
261.94
253.02
258.38
257.30
264.37
282.06
283.44
277.53
276.54
268.50
256.69
254.04
255.01
271.89
276.09
272.71
265.17
274.07
284.47
275.73
279.60
294.68
294.44
291.25
293.42
303.98
303.97
313.60
301.93
307.27
301.05
282.95
274.08
260.89
243.80
233.68
224.78
224.47
238.96
244.30
255.28
257.70
261.60
272.78
257.16
266.66
281.51
285.61
290.46
298.74
307.99
308.88
302.61
303.72
298.56
299.05
301.10
297.16
292.39
281.77
274.42
276.39
274.85
276.43
278.70
286.08
304.10
293.55
279.04
285.04
292.93
289.37
286.61
302.83
326.61
321.34
310.74
283.53
273.03
274.73
288.56
294.84
298.70
298.10
292.92
292.52
293.73
298.51
299.12
297.45
292.56
281.92
269.85
284.98
288.21
287.58
290.15
294.60
288.25
274.53
286.22
290.97
286.93
278.37
278.92
269.93
259.04
255.16
251.41
255.65
258.14
271.93
266.40
256.65
253.29
264.37
256.28
264.62
269.99
274.80
273.33
275.78
276.83
280.46
274.38
256.17
255.11
259.89
266.52
278.24
287.18
285.90
281.19
280.72
279.38
279.35
282.57
285.54
283.33
283.49
262.51
253.60
265.10
266.14
259.83
278.35
275.89
274.39
259.58
261.85
278.93
289.95
286.75
285.54
277.12
273.22
273.00
276.89
279.45
289.88
290.98
298.16
285.75
261.08
253.92
266.23
275.36
286.85
291.99
282.86
268.77
282.97
295.71
305.78
300.44
286.75
286.25
283.04
277.49
261.02
245.17
251.77
241.07
241.80
241.44
238.02
239.67
250.58
258.87
257.60
262.53
265.89
270.09
259.13
248.57
230.09
228.88
221.78
225.53
231.51
240.03
243.76
250.51
261.65
263.09
257.57
252.18
245.51
248.95
260.66
256.15
254.65
262.40
266.60
266.21
266.39
265.15
251.43
252.54
250.19
251.48
235.88
226.06
247.58
245.65
251.33
254.09
261.58
261.44
272.32
276.68
277.40
269.41
258.91
265.61
273.47
274.30
277.03
277.73
273.48
265.86
269.16
270.78
258.95
258.65
235.77
229.51
240.25
248.41
259.88
267.37
264.97
262.39
274.17
270.83
261.58
259.25
253.34
252.95
259.35
266.75
277.56
265.73
262.88
254.75
250.12
260.79
254.79
254.44
256.42
252.42
251.11
264.92
277.54
280.72
274.20
276.03
282.77
279.42
270.60
263.96
264.89
260.51
260.53
264.30
273.77
273.81
273.40
270.97
268.06
268.41
260.48
254.33
247.22
256.24
265.56
275.39
270.77
280.65
294.61
298.41
286.69
263.39
261.72
258.13
260.99
268.43
273.03
280.44
279.16
287.51
286.40
299.97
312.91
309.27
302.80
291.26
273.79
259.89
256.51
265.36
259.30
270.92
269.17
265.52
277.79
269.54
266.63
272.00
280.41
283.20
296.95
302.11
298.82
297.29
293.59
293.37
301.32
302.55
299.93
288.87
285.67
287.90
287.50
293.80
297.27
300.55
310.68
310.85
311.32
309.31
302.26
299.24
295.84
313.89
318.67
315.77
321.59
321.36
317.52
313.53
314.30
314.21
303.01
307.04
302.74
302.32
300.73
306.47
311.40
309.79
310.03
306.41
302.92
309.29
305.47
305.01
306.72
312.40
316.56
301.60
279.16
299.94
296.56
284.78
286.08
293.59
299.69
305.36
293.17
287.60
280.75
284.79
295.47
299.54
287.07
285.25
286.44
290.91
287.68
283.17
293.80
305.74
312.75
298.91
278.08
275.40
285.88
285.19
286.35
293.25
296.89
290.01
296.97
301.09
299.80
302.93
296.08
295.29
280.58
269.95
265.53
272.60
265.10
264.87
272.01
276.41
288.45
287.55
280.45
281.28
292.06
287.49
284.76
286.75
285.99
302.85
310.70
305.93
306.99
306.27
298.21
292.23
290.48
286.41
279.92
286.53
292.59
289.28
286.89
287.33
294.47
303.80
309.87
307.60
302.01
290.09
281.22
275.72
279.10
282.56
289.18
280.13
277.07
279.24
284.46
285.99
285.48
285.13
281.19
270.76
269.87
271.84
273.50
284.61
290.83
297.39
309.49
294.80
290.30
288.52
290.86
296.11
299.16
299.39
294.79
283.06
280.32
277.72
280.92
277.08
263.88
255.49
258.03
257.93
253.39
241.62
245.41
251.35
263.93
276.03
293.25
311.50
319.54
339.63
342.63
333.55
299.07
289.46
280.75
286.82
294.27
300.39
302.64
306.70
309.66
318.58
322.10
313.03
298.91
285.29
286.28
294.33
301.19
304.32
315.07
316.93
318.55
318.73
325.10
317.26
304.10
293.99
283.50
298.70
305.43
311.41
318.89
329.70
331.71
330.09
326.51
311.64
303.98
302.39
298.37
301.38
305.98
306.27
317.46
327.81
330.89
330.11
332.42
333.73
309.70
290.34
286.45
289.80
287.77
283.49
282.30
290.15
292.34
292.24
287.66
284.51
272.69
269.67
266.73
270.65
268.41
266.24
279.52
291.33
290.70
298.99
300.59
294.86
285.84
274.58
272.64
264.93
261.95
277.72
277.84
273.05
279.07
274.33
270.00
278.43
282.04
281.69
276.41
279.52
271.59
263.89
266.72
271.39
274.12
285.18
285.34
290.64
283.45
273.41
272.46
276.15
266.33
270.03
275.32
279.34
285.46
285.82
288.19
284.09
284.63
274.82
262.04
271.13
272.73
273.62
262.21
272.27
284.29
286.35
284.19
286.47
277.54
276.01
274.38
265.60
266.94
264.95
264.64
262.38
254.76
251.78
262.44
256.61
254.34
252.24
252.64
255.91
263.57
267.68
277.15
308.05
319.40
325.91
328.25
327.21
319.98
312.13
302.31
295.47
288.73
280.74
272.08
279.43
273.39
271.63
283.08
283.85
277.55
271.33
272.18
283.12
294.00
301.11
296.12
295.41
299.92
297.30
300.98
305.09
310.88
307.47
297.68
296.71
304.14
308.59
318.37
318.74
317.52
308.44
297.73
293.19
284.35
278.79
276.53
283.51
298.53
309.52
307.39
300.46
303.97
303.77
305.79
309.10
313.87
304.88
289.69
282.38
273.48
282.59
285.86
286.35
283.31
272.17
262.44
257.57
257.64
256.03
252.60
256.49
269.21
288.50
297.15
297.95
309.46
307.84
306.85
315.27
311.73
283.68
265.60
260.04
261.60
263.03
266.91
260.32
264.87
262.66
263.98
262.79
264.55
255.15
253.36
260.89
270.03
278.93
292.53
299.58
313.50
315.93
312.67
294.38
291.28
271.95
269.98
260.27
251.00
252.86
256.08
273.11
281.91
285.40
287.63
297.54
290.51
281.26
277.75
279.40
267.04
269.14
277.27
280.66
278.89
277.61
278.43
281.92
281.15
278.31
262.99
250.30
233.22
227.57
243.91
250.27
250.96
268.66
280.46
276.35
269.35
248.60
246.43
246.53
242.41
258.28
269.23
274.95
275.51
277.37
275.06
271.28
267.14
269.20
265.70
251.84
250.22
253.45
258.37
281.74
286.87
284.89
289.56
291.34
275.04
275.21
276.52
283.75
287.62
293.40
293.31
285.51
283.79
283.45
280.82
278.00
275.34
267.95
264.67
263.88
263.01
274.21
278.82
288.10
289.89
290.34
284.99
284.87
279.89
282.18
289.95
296.97
297.98
302.43
315.84
334.82
336.64
340.66
336.12
330.75
315.25
307.75
301.43
302.36
305.50
315.22
316.54
326.52
331.78
331.06
336.54
344.92
328.16
321.66
319.34
316.55
322.99
332.02
340.20
336.93
333.40
333.56
331.78
321.79
308.31
298.97
301.09
309.78
308.08
311.18
315.32
325.62
338.58
337.80
342.35
328.37
317.32
310.85
306.98
312.00
308.28
310.62
321.02
325.87
325.81
319.90
318.27
309.89
302.62
293.81
288.68
284.63
270.04
268.91
270.52
278.34
279.12
287.17
299.22
296.51
283.36
275.98
280.86
286.06
286.38
292.63
296.19
288.83
290.89
287.73
285.57
277.93
267.12
255.98
256.59
255.18
247.77
251.30
260.56
266.88
272.55
276.18
281.48
277.47
264.70
261.67
262.64
266.24
272.77
285.49
307.55
317.46
312.00
307.98
305.71
312.37
277.46
248.29
231.44
238.87
239.82
247.91
257.80
262.47
258.54
252.83
253.01
255.45
244.05
238.17
222.50
216.68
222.61
230.01
236.95
249.82
248.89
229.66
229.69
231.45
234.24
228.14
238.28
246.33
244.46
241.06
237.00
238.83
237.32
236.85
236.02
234.09
216.32
211.26
208.36
211.20
224.52
233.81
240.87
257.10
266.96
262.20
262.49
266.98
271.81
278.71
269.34
242.93
235.03
214.57
217.85
217.97
218.51
210.71
216.12
214.31
204.12
204.02
207.50
207.62
221.21
241.50
248.71
259.70
265.95
278.67
283.99
288.36
276.65
266.88
255.34
243.30
251.29
257.00
264.46
277.55
280.13
277.05
272.92
268.24
262.62
265.28
277.53
274.23
277.17
279.14
286.46
289.48
291.58
292.60
284.44
283.25
292.49
280.94
281.27
281.62
274.17
278.93
283.16
285.64
286.70
295.83
293.13
297.82
305.83
299.79
298.05
294.16
293.30
290.44
286.95
289.13
286.29
284.24
279.73
284.96
307.39
311.75
306.47
304.59
305.58
298.12
297.62
295.18
294.29
295.99
301.30
298.10
308.68
309.56
312.77
309.10
310.37
313.27
316.57
321.34
323.72
327.93
324.34
318.10
311.83
311.49
311.61
311.02
291.81
279.01
279.88
283.81
284.14
282.12
289.66
312.90
327.11
323.04
322.34
323.41
321.56
319.32
317.64
302.47
293.73
296.33
292.83
298.47
300.12
299.58
294.45
283.89
287.68
293.91
293.23
280.09
286.01
284.52
286.79
285.03
272.28
267.76
271.22
283.37
285.39
291.85
292.70
299.48
303.15
307.18
304.29
305.92
299.48
290.79
275.20
270.56
261.26
258.44
252.05
260.01
262.10
265.01
271.60
267.26
269.86
269.86
275.97
285.12
281.46
284.88
281.18
282.12
292.52
290.48
288.98
294.30
291.82
290.85
296.43
304.30
306.05
305.26
303.16
303.63
293.65
292.99
296.31
307.52
305.12
300.65
302.79
302.26
306.93
311.65
327.56
333.74
336.42
336.24
341.21
337.23
329.79
322.13
326.63
323.32
331.57
336.73
331.93
339.28
358.15
357.87
362.02
366.73
353.36
347.74
354.96
362.10
363.61
371.37
378.87
380.80
378.58
380.69
366.42
358.69
351.39
346.62
345.07
347.45
336.58
333.14
332.74
319.98
322.27
327.63
337.26
344.86
343.62
347.65
353.10
351.43
355.27
361.52
362.44
360.25
361.79
359.71
353.17
347.37
343.53
342.82
336.89
333.18
320.86
309.80
311.45
320.89
330.01
329.37
339.91
334.02
314.65
307.59
312.66
314.40
316.84
326.99
331.23
331.36
331.51
331.85
326.23
322.28
321.28
327.74
326.38
314.09
296.59
299.51
302.75
319.27
326.03
324.62
329.24
331.77
310.44
300.38
299.83
297.69
298.78
307.02
318.31
308.86
304.36
303.47
299.42
292.38
286.82
286.43
288.76
287.64
281.49
279.51
295.78
317.73
324.92
323.85
328.42
314.25
306.94
304.40
302.47
301.34
296.36
299.32
303.66
306.38
307.55
302.37
296.18
285.97
279.71
279.47
286.35
287.90
287.76
290.98
304.87
305.09
308.35
303.39
305.35
298.26
292.07
288.13
285.18
283.72
286.46
287.53
285.71
291.23
301.43
302.14
299.29
299.38
298.02
291.36
274.20
267.14
266.06
263.84
276.81
290.25
286.25
285.46
281.64
281.58
261.48
254.17
255.13
263.75
271.72
277.97
281.86
293.39
300.76
300.89
299.33
303.36
328.83
338.61
339.52
327.92
312.58
291.36
291.53
300.30
309.96
303.63
315.90
343.10
337.86
332.26
335.01
336.09
341.02
350.66
365.46
380.71
378.79
376.79
371.85
361.49
358.23
350.80
349.92
339.82
331.93
343.05
353.98
374.74
389.97
392.43
387.69
380.01
362.38
349.10
348.06
353.10
349.53
359.39
363.61
375.48
371.19
374.08
368.83
362.40
352.30
335.73
338.03
339.09
337.22
346.38
350.69
333.45
350.63
352.05
361.36
378.48
369.22
364.43
366.66
370.22
365.60
370.25
372.45
373.28
366.70
360.25
353.61
347.48
344.41
338.62
336.01
333.94
328.77
310.72
307.66
316.33
334.51
351.72
362.64
376.16
365.13
340.97
340.54
330.74
333.23
340.33
338.99
334.84
329.81
321.91
316.69
310.21
305.30
303.55
306.43
303.90
311.00
297.29
295.20
294.67
301.99
291.67
295.50
304.05
299.12
294.38
294.30
299.57
296.04
299.68
305.90
303.11
298.06
301.33
302.04
300.65
294.25
287.73
281.80
280.36
271.25
274.76
277.95
285.36
286.29
282.34
285.88
291.73
281.40
277.03
278.68
278.72
275.00
273.79
275.70
275.04
276.20
271.91
270.05
267.73
262.65
259.61
256.56
248.76
236.27
237.15
241.69
248.15
264.48
260.35
264.03
265.19
245.98
237.04
232.18
243.69
255.33
259.63
265.42
274.33
281.26
279.29
276.13
277.68
269.32
262.46
263.80
255.35
245.96
242.05
241.50
248.97
256.69
252.70
251.45
258.46
250.15
241.97
240.38
233.82
238.82
245.86
257.76
266.02
266.56
270.26
280.66
288.62
291.28
276.25
274.29
272.41
273.80
272.52
276.19
275.59
263.84
256.91
259.16
264.06
248.89
243.63
244.00
247.06
251.07
254.92
257.94
268.64
264.11
266.66
268.30
269.71
270.93
272.37
270.03
264.44
272.56
280.68
287.22
288.88
295.16
302.40
306.80
304.34
295.37
294.77
294.11
298.94
302.63
304.89
312.34
319.47
328.18
330.58
329.54
318.09
304.84
298.86
294.18
286.42
283.73
295.26
304.67
311.81
311.74
314.88
315.01
301.70
291.70
290.13
288.63
288.37
286.95
290.25
299.56
304.67
300.54
297.82
296.25
291.61
292.54
290.59
286.77
281.71
284.14
287.36
295.95
308.79
313.15
315.75
313.77
304.47
299.95
309.52
316.92
334.78
347.30
348.06
342.93
335.20
333.31
330.80
326.28
319.64
306.87
302.31
308.99
312.73
314.07
310.06
324.98
350.60
350.56
350.07
351.38
354.68
353.26
343.46
343.97
338.27
335.11
340.78
345.19
340.00
328.80
327.74
324.00
321.16
318.92
330.13
329.46
318.58
308.39
291.16
290.95
303.52
309.89
307.91
315.91
320.52
