460.27
414.11
388.47
390.15
404.30
442.31
497.71
551.45
570.70
573.73
574.16
576.34
575.15
573.38
570.06
564.34
561.74
561.06
561.15
560.72
559.92
565.45
565.24
528.37
487.36
440.42
403.05
380.95
381.61
419.06
491.04
550.27
573.21
576.24
575.91
574.17
573.37
571.29
567.76
559.80
554.90
552.72
552.76
552.44
553.23
557.45
555.06
511.93
452.46
392.67
365.82
361.15
374.52
413.96
480.99
549.21
574.14
577.10
578.11
577.03
573.11
568.75
565.98
560.11
558.12
555.27
554.48
552.75
555.79
563.19
563.40
528.82
483.24
443.70
422.92
424.13
438.91
471.04
519.96
565.88
581.11
583.13
583.84
583.08
580.57
573.91
570.53
563.22
559.83
557.82
557.89
558.18
561.59
571.51
571.23
542.61
510.07
477.78
463.92
457.11
473.61
506.77
544.02
578.18
589.82
591.54
591.76
590.24
587.48
582.91
580.00
575.40
573.42
572.19
571.52
571.20
573.85
581.61
585.34
575.34
558.82
539.64
530.27
526.32
537.72
549.35
566.52
590.16
599.77
598.87
598.20
595.72
593.21
589.30
584.92
579.17
575.35
574.33
573.81
573.45
575.21
582.89
582.63
556.86
526.57
492.69
470.78
460.54
472.36
499.35
540.55
580.11
593.46
593.03
592.02
591.49
589.70
585.31
581.49
579.16
578.09
576.22
576.31
576.25
576.52
579.46
577.91
540.91
496.08
449.33
420.10
405.24
419.75
452.18
509.98
564.47
585.09
587.22
586.70
586.23
584.01
579.65
576.63
570.46
569.37
569.64
568.86
567.91
568.16
572.25
567.74
523.97
470.00
419.53
388.48
391.93
418.77
456.47
512.63
563.75
580.37
582.59
582.55
580.87
579.78
576.27
572.23
568.27
566.12
566.73
567.53
568.19
568.33
572.53
573.41
541.12
500.69
457.69
428.61
420.51
435.36
468.15
517.34
569.00
588.36
589.73
589.34
589.36
587.96
584.67
581.32
572.63
570.14
569.53
570.92
570.84
572.32
579.43
583.59
579.79
573.91
562.38
556.72
555.06
566.44
567.04
572.18
585.33
591.14
590.70
587.97
583.55
580.34
574.80
572.96
565.53
562.19
560.80
561.54
563.53
568.23
577.63
578.30
551.65
518.63
488.84
468.82
457.48
470.03
495.89
535.54
577.05
591.93
592.15
590.93
588.31
586.44
581.31
578.26
571.85
568.80
570.36
571.00
571.00
571.22
579.25
581.09
557.80
525.18
497.67
488.40
480.72
496.74
516.33
544.77
577.84
588.21
588.31
586.44
585.31
583.00
578.55
577.80
570.18
570.26
570.49
570.35
568.88
571.72
578.67
577.58
552.37
521.64
492.88
470.70
456.60
469.37
496.80
534.53
574.88
590.09
589.82
588.47
586.28
584.14
580.86
582.99
577.18
574.64
575.10
574.25
573.39
573.92
576.15
572.91
543.76
508.15
477.02
460.56
452.73
458.69
483.10
525.07
567.13
584.11
586.47
585.61
586.15
584.67
580.91
579.25
575.71
574.25
574.85
574.92
574.20
573.51
576.24
570.22
527.17
487.04
452.76
426.11
417.02
429.72
460.41
507.60
556.75
581.21
583.78
583.53
583.88
581.97
574.27
573.85
565.85
564.20
564.88
565.41
566.08
568.32
577.30
579.08
552.94
518.60
487.09
470.34
457.63
475.85
505.89
541.53
576.74
590.69
590.26
589.06
586.38
584.99
579.81
577.09
573.15
571.44
569.45
568.54
567.93
570.13
578.13
578.36
553.22
521.98
493.24
476.28
462.85
473.64
493.68
529.02
574.37
591.29
591.29
590.36
589.70
586.78
583.36
581.65
576.82
575.50
576.93
577.36
576.24
578.05
585.94
583.44
550.93
516.55
482.97
462.49
454.49
473.07
500.96
540.92
581.50
596.26
596.84
595.60
593.94
591.77
588.62
585.04
580.82
578.49
578.09
578.88
578.52
579.24
586.82
584.27
557.22
528.00
499.66
473.68
464.48
476.71
498.48
535.56
576.16
593.58
593.91
594.98
593.19
590.01
586.58
586.75
582.66
581.67
582.46
582.74
580.27
582.51
588.87
588.38
556.73
525.39
494.90
477.94
469.98
482.45
502.63
542.70
581.89
597.78
598.80
598.20
597.73
594.77
591.08
590.76
588.66
585.54
584.25
583.99
583.35
583.97
587.11
582.51
545.38
502.24
461.81
435.27
425.54
436.49
462.89
510.97
566.89
591.33
595.32
595.57
596.15
593.34
589.37
588.39
583.39
582.03
581.97
582.04
581.40
581.10
582.90
582.05
563.62
544.41
529.71
521.05
524.19
533.78
549.80
572.03
590.16
596.53
596.88
596.67
594.99
591.75
586.25
583.53
576.99
574.86
574.20
573.94
573.19
573.75
582.04
584.50
564.12
536.20
502.33
476.67
460.27
468.25
489.63
528.88
573.83
593.93
595.19
595.02
592.96
591.53
588.65
588.59
583.12
583.03
584.21
584.56
584.44
586.83
592.42
589.18
557.87
523.17
491.55
477.09
459.81
479.76
513.84
551.70
582.82
599.88
599.29
597.38
596.14
594.53
591.82
589.40
584.45
584.24
585.80
584.96
583.90
585.53
589.55
587.75
566.80
538.84
500.37
474.03
450.88
452.72
479.27
526.97
577.85
596.11
596.90
595.67
594.84
592.10
588.97
588.37
581.46
577.26
577.83
578.49
578.53
580.23
586.60
582.96
553.80
521.63
485.41
463.89
456.25
471.49
497.63
537.97
577.01
594.60
594.68
593.66
593.04
591.30
587.53
586.18
579.55
577.83
579.04
579.38
579.62
582.10
588.93
584.88
552.95
506.59
468.01
445.98
434.35
446.54
477.26
524.43
571.37
593.16
594.44
593.48
591.62
589.14
585.97
583.32
579.79
577.98
578.02
577.95
577.12
576.57
579.78
576.53
548.65
511.45
472.04
450.98
437.28
436.41
463.57
507.70
557.71
586.78
589.42
589.17
587.04
583.30
580.31
577.72
573.74
571.13
571.17
571.13
570.63
570.17
574.05
566.12
525.73
492.76
455.72
435.42
452.86
471.54
489.19
527.11
564.06
584.71
587.93
588.47
586.55
584.59
579.22
577.19
572.77
571.39
571.85
572.30
571.40
575.25
583.73
579.53
539.55
495.27
461.30
439.93
426.62
436.95
464.06
509.98
562.24
593.46
595.13
596.34
593.80
591.48
588.30
586.25
581.47
581.21
583.10
582.31
581.58
583.94
590.91
584.63
546.09
506.02
472.06
458.31
450.20
469.36
496.66
536.77
576.01
596.37
597.48
596.50
594.22
591.26
587.68
586.79
580.94
578.76
577.95
577.53
577.67
579.08
585.29
581.66
545.60
507.79
474.64
453.97
443.04
458.64
484.49
528.88
573.87
596.16
597.46
597.42
595.25
593.21
590.00
588.45
581.66
580.73
581.37
580.38
580.59
583.62
589.80
586.05
563.75
529.05
503.61
481.34
469.66
477.63
500.09
545.89
579.75
593.71
593.90
593.59
592.40
589.67
586.14
582.99
577.15
575.75
576.94
577.43
577.57
579.66
586.57
582.84
554.86
517.67
482.42
456.92
444.81
455.97
478.52
520.86
566.94
593.30
595.54
594.06
592.93
590.64
587.90
586.35
579.51
576.93
576.96
575.90
573.83
573.17
577.54
568.03
532.02
490.08
457.56
440.93
440.10
449.67
474.60
513.33
565.24
587.07
589.96
589.58
588.39
586.01
582.40
581.07
574.24
572.46
571.04
571.33
571.43
571.52
574.91
565.31
523.85
477.74
442.69
425.94
423.96
426.54
451.18
497.40
551.39
585.77
591.09
590.61
589.69
587.38
584.04
580.47
578.28
576.12
577.49
577.27
577.86
581.00
588.37
580.63
548.00
506.02
473.72
461.99
448.76
463.04
488.55
525.08
571.84
597.61
599.35
598.90
596.92
594.17
590.72
588.32
584.21
582.69
582.75
582.31
582.06
584.22
591.65
591.94
575.75
551.33
520.14
494.74
472.55
474.89
498.18
535.32
575.73
595.45
597.07
595.76
591.93
589.30
586.51
583.07
577.74
575.79
576.89
577.48
578.14
580.56
587.60
577.22
531.27
482.30
442.99
420.71
408.76
426.37
455.60
505.94
562.94
595.40
598.53
597.85
595.71
593.92
591.62
588.38
587.05
582.74
581.73
580.84
581.13
584.80
591.93
591.46
586.12
575.64
562.19
553.76
546.66
552.07
560.06
573.22
587.69
601.14
603.93
602.16
600.29
596.63
593.38
592.50
585.46
582.39
581.58
581.58
581.16
582.48
584.63
577.32
546.72
509.25
469.03
441.13
424.85
427.52
446.89
490.19
549.30
590.13
595.73
595.45
594.14
592.16
589.57
588.98
586.15
583.67
582.42
582.65
582.97
582.93
585.70
571.40
526.95
477.17
421.79
397.07
389.16
399.54
430.06
480.95
545.19
585.01
589.88
590.08
589.98
587.46
584.59
582.49
579.32
577.24
578.15
577.99
576.90
577.08
578.87
569.26
543.42
525.58
512.43
516.74
528.03
538.87
547.61
563.20
579.84
590.83
592.17
589.93
590.03
587.27
583.74
581.72
576.89
573.41
573.07
574.05
574.47
577.49
584.18
582.53
570.87
549.02
517.61
487.09
461.83
461.78
479.21
515.80
562.17
594.00
601.37
599.88
597.04
595.46
591.40
589.44
584.97
582.18
581.63
580.57
580.75
582.45
587.92
576.37
546.38
516.54
497.83
494.26
487.13
496.55
509.63
528.30
563.86
589.97
596.67
595.95
593.36
591.18
587.33
584.98
579.99
578.92
577.83
576.53
576.84
578.86
585.13
573.95
536.05
506.67
475.47
454.56
440.80
453.75
480.83
521.83
565.62
591.52
594.69
593.95
590.43
589.12
586.77
585.50
580.22
578.59
578.97
578.71
578.70
581.13
587.03
574.60
539.64
505.33
471.50
454.32
446.00
458.71
482.23
522.96
567.83
596.67
599.54
599.77
597.89
594.45
591.58
589.60
583.72
581.31
581.17
581.26
581.55
583.85
589.74
574.90
539.81
504.32
464.29
436.48
417.97
427.70
454.75
498.01
554.97
590.26
596.87
596.77
594.02
591.35
588.85
588.35
585.06
583.13
584.53
584.92
584.51
585.47
587.30
576.73
551.30
524.94
503.85
498.71
506.81
523.46
543.68
561.04
578.55
589.30
589.96
588.58
586.75
584.38
582.97
581.49
578.94
575.87
575.50
574.71
573.17
570.32
570.90
564.74
535.95
502.88
471.59
443.86
426.94
428.22
443.40
485.61
539.95
576.12
584.80
585.57
584.36
581.18
577.64
577.08
570.85
570.30
571.83
572.80
574.71
578.54
586.22
572.22
538.78
514.31
484.99
466.60
453.83
464.09
481.88
517.03
561.59
595.69
600.17
599.74
597.61
595.93
591.27
589.81
584.46
582.66
582.18
582.74
583.55
586.33
592.07
575.99
536.86
501.79
475.30
458.55
445.61
459.16
485.61
522.41
565.66
595.73
600.88
600.30
599.02
597.16
593.30
592.77
588.53
587.18
587.05
587.01
586.40
586.81
589.81
570.67
529.58
490.39
457.41
443.36
439.27
449.63
472.98
511.74
560.19
594.05
601.20
601.79
600.47
597.85
594.91
592.87
588.03
585.47
585.88
586.02
586.25
588.38
594.15
572.91
526.23
486.32
451.27
433.09
417.25
426.70
451.08
494.06
548.62
598.04
606.43
602.82
600.05
597.55
594.55
591.58
587.40
585.93
586.26
586.69
586.55
587.97
593.17
569.19
518.20
468.93
430.39
406.84
394.06
406.83
429.39
478.00
541.15
588.74
597.63
597.41
596.09
594.16
592.52
591.86
588.81
587.81
588.18
588.43
587.99
587.46
588.00
551.89
484.68
425.11
371.26
334.60
318.34
328.71
365.58
432.61
516.62
575.99
587.06
587.07
586.60
585.39
581.80
581.28
575.67
573.80
574.46
575.62
576.02
574.64
573.18
542.00
480.01
417.04
363.33
345.17
334.76
336.84
355.45
411.90
499.55
568.12
586.28
587.26
585.91
586.49
583.20
582.17
576.39
576.71
579.27
580.18
580.79
584.47
589.66
556.16
498.80
442.92
401.93
377.84
362.77
386.43
415.16
468.56
536.10
586.61
595.66
595.61
595.91
594.48
592.51
592.00
587.14
586.74
587.11
588.28
588.82
592.10
596.43
574.04
545.55
529.02
509.65
488.90
486.81
500.42
537.04
571.78
586.95
598.69
603.56
601.62
598.82
595.64
593.54
592.46
589.59
587.71
587.94
590.20
591.42
593.33
594.49
567.39
520.00
484.35
434.63
417.38
410.15
426.28
460.71
504.88
557.49
594.38
602.38
601.27
600.18
598.07
595.53
592.91
590.21
588.83
588.63
590.13
590.56
592.31
594.81
562.56
506.11
463.13
433.68
408.75
395.79
412.87
441.36
487.52
545.52
589.41
599.02
598.92
597.94
595.36
594.06
593.40
590.81
590.32
591.78
592.07
594.22
597.63
597.83
564.12
513.10
463.51
428.96
417.38
418.09
441.01
472.13
517.06
566.15
595.41
603.30
602.76
601.22
598.03
596.09
594.82
587.39
587.80
588.58
590.03
588.86
587.90
579.81
537.62
476.26
415.90
362.03
333.64
329.42
353.05
398.75
454.58
522.23
574.33
589.86
588.33
586.32
585.52
583.03
581.63
573.66
575.15
576.30
577.42
577.19
576.85
575.11
536.33
469.95
416.69
372.81
358.30
355.73
367.67
401.79
456.49
519.40
575.07
594.37
595.37
593.39
592.03
588.66
586.53
579.99
583.63
585.09
586.44
587.18
589.99
589.45
560.27
520.42
480.72
441.01
421.61
418.25
434.56
462.63
507.72
559.17
597.88
606.43
605.72
605.12
601.88
600.93
601.59
596.45
594.15
595.05
596.11
597.14
598.91
596.96
566.97
523.99
493.04
458.81
440.60
431.71
440.94
461.62
496.57
549.72
595.05
607.28
606.73
605.74
604.99
603.76
601.97
597.23
596.87
598.16
599.09
599.35
601.29
599.59
562.23
507.16
461.93
417.89
397.96
386.72
408.83
440.28
481.30
541.03
591.33
607.42
607.17
606.94
603.86
602.54
601.82
594.39
593.17
595.15
596.03
596.49
596.26
595.75
555.03
491.22
448.38
409.48
392.31
382.86
397.61
419.11
465.43
535.56
589.85
605.11
604.64
602.88
601.01
597.92
596.15
592.02
591.59
592.07
593.31
595.83
597.02
596.11
558.71
501.11
453.27
413.24
391.67
377.62
398.08
435.44
488.46
549.57
594.25
613.47
607.76
603.38
601.28
600.29
599.23
592.76
591.48
592.46
592.68
592.59
591.71
585.63
531.56
451.10
381.30
332.10
309.61
301.56
310.54
343.56
409.30
504.54
576.29
597.59
599.61
598.35
597.96
595.36
594.60
590.19
587.64
586.98
586.05
587.26
586.19
582.08
546.84
496.99
444.94
391.22
366.77
361.68
370.17
407.39
479.78
548.69
591.06
603.15
602.61
598.53
596.06
593.30
591.98
588.31
585.82
584.31
583.92
584.83
587.52
588.51
560.63
504.87
452.82
408.48
393.94
378.32
394.95
430.65
483.01
548.58
592.48
606.73
605.95
601.34
599.84
597.14
594.29
588.54
585.92
584.17
583.94
585.64
589.00
590.63
568.19
527.35
490.91
439.41
401.73
370.15
379.95
407.33
456.22
524.20
578.91
601.82
600.98
599.39
596.60
595.35
593.67
591.80
589.45
589.95
593.01
593.56
595.38
590.96
542.59
482.40
436.70
390.67
370.32
360.88
386.77
420.01
471.28
534.01
588.78
606.44
605.67
604.81
601.77
598.93
598.47
596.62
593.43
590.79
590.97
591.12
592.41
588.62
552.76
504.40
462.76
427.44
410.35
408.13
433.02
461.56
504.10
554.43
591.73
602.67
601.55
599.79
596.97
594.77
593.46
586.05
587.74
587.93
588.80
589.53
591.11
588.31
559.29
521.57
484.80
453.26
437.08
427.82
444.82
471.34
509.68
554.82
590.16
600.86
599.45
598.25
595.43
593.12
591.16
583.75
584.21
583.92
583.85
584.86
586.67
583.39
548.74
505.15
444.11
405.40
394.77
391.47
404.65
435.01
476.70
533.40
579.41
593.97
594.60
592.31
592.68
589.40
587.25
578.52
580.37
579.70
579.91
580.13
581.88
576.77
535.05
476.85
429.84
388.61
369.06
359.00
374.19
409.57
469.07
529.92
580.52
596.64
596.79
594.36
594.49
591.65
589.54
585.64
590.53
590.04
590.08
590.35
594.63
587.17
546.12
496.00
442.54
390.75
382.22
367.59
375.21
410.89
469.43
540.78
590.63
605.09
604.72
603.73
603.03
600.75
599.47
594.27
593.33
594.11
595.67
597.40
598.81
599.00
592.36
586.22
578.44
560.01
542.48
527.00
531.08
537.69
552.15
575.18
600.01
609.89
608.63
607.46
605.27
602.90
601.78
601.23
600.43
600.68
598.69
599.25
602.15
597.34
560.25
520.21
492.87
464.32
456.33
463.24
484.16
513.49
555.92
585.73
603.68
611.46
612.42
611.67
607.76
607.01
605.48
599.71
598.07
598.32
597.47
598.09
600.86
593.61
545.38
484.16
433.01
383.83
365.80
349.54
366.41
403.59
458.01
529.47
588.82
607.79
606.86
605.26
603.05
601.61
599.89
596.23
594.63
595.28
595.80
597.41
599.56
588.60
527.16
458.36
402.20
361.82
342.78
330.17
361.59
407.36
467.44
541.21
589.15
603.06
602.31
600.70
596.30
592.77
591.20
588.01
585.90
584.36
585.02
584.11
582.23
579.63
571.11
563.28
556.08
548.05
544.46
545.77
552.99
560.93
565.00
575.27
589.35
595.54
593.94
592.93
588.74
585.23
583.67
583.59
581.59
582.15
583.32
581.56
580.70
564.07
504.50
445.84
387.75
330.51
301.24
287.05
300.39
336.82
395.63
481.22
566.09
599.97
600.51
600.57
596.53
592.89
588.96
583.48
580.37
580.69
581.18
582.45
582.73
570.61
518.83
459.12
412.99
376.82
360.25
353.32
392.39
441.19
496.11
545.73
585.09
601.29
601.61
601.92
601.30
598.14
595.16
591.29
588.80
589.14
590.60
592.68
593.81
587.70
565.70
546.07
528.23
509.51
496.51
484.30
491.40
510.67
540.18
571.57
596.75
607.12
606.58
604.58
600.64
597.82
595.43
590.48
588.40
588.46
588.60
588.82
590.11
577.35
529.14
479.72
427.31
384.01
367.71
354.21
383.47
431.93
485.94
544.30
587.80
603.53
603.19
602.35
598.15
596.13
594.02
591.65
588.10
586.62
587.63
589.00
588.41
576.04
544.59
512.00
491.88
470.69
459.97
463.73
487.47
512.78
533.09
567.26
591.66
600.65
600.11
598.29
595.79
593.38
590.03
586.14
583.02
582.02
583.12
583.62
585.26
579.38
556.12
515.53
471.86
423.14
385.36
349.14
363.94
403.19
449.94
517.58
573.65
597.02
602.32
602.52
600.54
599.16
597.92
593.86
592.27
594.94
595.47
595.19
594.93
571.18
503.10
426.54
371.33
331.21
312.38
305.00
322.11
355.86
422.47
508.16
576.93
603.40
603.71
602.66
602.29
597.97
594.52
591.47
590.60
591.53
590.63
590.95
590.96
568.78
515.63
464.82
424.81
398.58
402.62
413.61
432.86
458.84
498.99
541.62
586.68
607.24
607.47
606.71
605.23
599.89
595.56
592.43
589.00
588.02
589.89
591.42
592.96
580.13
543.93
509.40
481.40
457.62
446.15
437.11
446.17
466.47
498.71
545.64
587.62
610.06
610.44
608.69
604.77
602.34
600.21
596.40
594.21
593.36
594.33
594.38
595.35
576.15
518.44
463.93
420.75
382.20
360.45
343.81
363.46
398.45
453.21
522.06
581.07
606.93
606.44
604.98
602.68
599.50
596.95
592.17
589.87
588.97
590.63
591.72
591.66
573.63
520.67
463.23
416.54
368.32
341.42
319.58
339.85
372.15
430.83
505.32
576.21
604.53
605.29
603.35
600.38
598.28
597.02
594.08
593.12
592.30
594.26
594.09
593.48
565.16
498.11
431.95
378.28
347.36
343.70
338.98
373.41
416.22
471.22
534.76
582.07
606.12
606.78
603.45
601.35
600.05
597.97
593.46
591.33
588.98
589.19
590.06
589.07
556.55
485.05
412.79
359.69
324.56
311.39
298.52
321.47
353.88
417.25
495.28
568.96
601.85
602.26
601.45
598.49
600.82
599.02
595.85
593.08
592.38
596.01
596.93
595.47
556.88
451.71
355.36
294.09
261.16
245.75
239.83
254.34
288.29
357.80
459.23
551.70
591.79
598.05
597.51
594.65
594.63
596.29
592.41
587.44
587.49
589.80
589.92
588.14
544.96
440.40
341.66
273.68
238.59
227.70
232.77
253.95
298.25
374.15
466.85
560.18
601.92
602.91
598.78
595.45
592.80
592.72
587.76
584.25
587.15
588.27
590.01
587.43
553.64
487.58
434.91
415.93
393.15
387.10
389.36
416.33
445.77
486.04
543.20
587.73
604.40
604.33
603.26
598.65
597.51
597.23
594.84
592.59
592.93
593.69
594.08
590.99
557.77
482.03
421.74
386.18
355.87
340.70
316.96
340.86
380.54
434.65
504.77
570.00
599.33
604.99
602.51
601.49
600.27
600.27
596.97
594.37
593.96
595.56
595.62
592.05
564.65
508.71
454.66
410.12
375.93
367.40
362.96
397.10
432.98
478.75
536.88
583.91
602.92
602.94
601.30
599.66
597.32
598.06
594.99
590.90
590.08
591.68
592.66
591.88
575.24
557.39
546.83
543.59
530.81
524.45
518.40
532.67
548.67
564.44
582.45
598.46
604.03
603.73
603.72
602.52
600.58
598.51
595.68
592.96
594.92
596.53
597.25
596.14
585.67
567.45
551.39
541.38
519.95
510.88
505.02
510.30
524.85
541.56
569.74
593.25
601.22
600.96
601.28
598.06
594.62
594.89
586.57
584.57
585.18
586.43
586.34
583.02
551.87
498.41
442.78
390.50
336.82
303.46
283.89
287.07
319.11
377.01
461.20
551.47
595.45
600.43
600.24
598.12
596.71
596.09
591.01
589.52
590.10
591.19
592.62
587.97
546.14
460.56
383.72
334.92
312.20
307.94
311.37
329.13
369.46
428.68
491.00
561.37
597.47
601.78
601.69
599.89
597.37
595.55
593.01
590.00
590.08
592.81
594.02
591.23
562.15
510.01
479.28
462.27
448.01
451.18
475.76
500.18
525.75
552.29
578.70
596.31
608.50
609.33
606.83
604.31
603.95
602.36
597.79
595.07
595.53
597.15
598.17
594.57
556.55
481.11
423.34
375.15
348.87
331.19
318.05
343.45
378.20
432.91
504.37
570.92
605.20
607.44
606.15
605.29
602.82
602.37
597.13
594.50
595.44
597.46
596.53
592.69
559.70
493.90
448.05
416.77
387.06
376.10
367.83
391.52
418.79
460.61
519.11
575.16
603.35
606.60
604.38
602.48
601.28
600.91
598.40
595.93
597.79
599.45
599.61
594.79
563.92
516.01
479.23
454.68
443.68
454.92
463.01
497.27
523.62
546.23
576.94
597.48
605.91
605.19
603.93
603.19
602.51
601.56
594.72
591.98
593.41
595.29
597.10
593.46
559.18
490.23
428.46
385.86
349.60
329.48
317.57
341.08
372.22
424.78
496.83
565.85
599.99
601.24
599.02
595.95
596.41
596.31
588.58
585.45
588.90
592.10
592.51
584.97
544.67
486.39
438.12
408.18
367.50
351.92
348.51
376.01
419.04
465.68
523.55
574.21
595.42
597.49
594.97
592.85
594.09
590.51
586.43
585.03
587.45
591.39
592.32
584.74
559.20
523.55
495.87
481.20
466.77
454.62
454.96
469.39
491.38
516.96
544.13
576.39
594.31
597.71
597.98
598.29
596.23
592.58
588.37
585.62
589.30
591.30
592.62
585.96
544.74
472.28
410.35
380.13
344.65
329.40
319.38
346.05
385.16
442.10
515.01
578.28
605.21
606.23
603.08
600.81
600.39
600.41
596.01
594.73
593.16
594.69
595.66
589.74
567.59
542.15
528.16
526.40
518.29
519.63
519.49
532.85
553.11
573.93
586.60
596.22
601.54
601.60
600.20
597.91
597.72
596.42
592.98
590.55
589.53
591.04
592.25
590.44
578.32
558.66
532.89
489.46
447.39
426.36
415.46
442.69
475.27
505.30
545.22
581.23
601.47
601.14
599.08
598.69
598.24
598.62
590.31
587.75
591.28
591.82
591.36
588.48
558.56
509.90
459.88
414.65
377.02
355.67
328.59
342.88
377.72
426.67
493.12
562.22
598.95
602.03
599.18
599.16
599.06
599.01
590.78
586.63
592.25
594.90
596.00
589.16
563.34
530.25
510.61
519.58
531.72
541.33
538.00
540.56
542.03
550.75
567.82
582.66
592.96
595.30
595.51
595.29
593.37
592.14
587.93
588.46
589.90
593.21
593.18
584.16
528.82
429.25
347.98
290.32
247.91
231.07
232.96
251.39
290.69
373.53
469.63
559.65
602.24
607.54
605.81
604.84
604.38
600.66
593.60
591.35
595.40
598.46
599.82
595.01
568.62
535.82
496.86
469.08
440.79
448.14
462.23
464.69
479.69
510.29
544.81
578.43
603.82
608.41
607.44
604.80
602.20
598.63
594.98
593.56
593.79
598.54
600.22
590.40
529.69
433.53
361.40
316.34
277.31
268.45
279.73
315.90
365.62
435.08
505.39
568.16
602.34
609.31
606.97
606.44
604.98
601.44
597.25
594.81
596.82
599.79
600.40
586.72
514.39
401.54
307.34
261.41
225.40
212.52
209.63
219.18
257.72
328.15
432.79
537.20
595.77
604.99
603.44
601.59
600.60
597.74
588.75
586.65
587.81
590.42
592.08
578.54
504.00
389.24
298.30
239.67
207.81
192.85
194.81
213.64
260.40
339.94
440.58
543.50
597.73
604.64
604.24
602.97
600.64
599.54
592.07
592.26
594.86
598.65
600.65
587.06
510.10
395.62
304.96
251.85
222.85
212.60
218.46
240.62
294.10
376.58
470.59
557.90
600.47
606.81
607.60
605.94
602.95
602.28
595.25
592.74
595.67
598.37
599.37
588.28
539.30
462.76
407.37
384.65
358.71
349.77
347.26
376.89
411.05
462.78
515.89
566.17
601.70
607.32
602.64
601.99
602.67
602.91
599.18
596.94
597.22
600.81
602.52
589.64
539.26
455.92
388.96
344.26
318.78
310.28
311.07
337.89
381.23
434.79
505.07
568.55
604.04
611.52
609.18
607.35
604.24
602.41
597.69
594.82
593.80
595.84
595.34
579.36
510.36
398.81
313.05
265.37
238.13
231.59
247.03
279.58
324.90
392.66
477.77
558.40
602.42
609.58
610.42
609.04
607.92
610.02
599.72
599.91
602.43
600.66
600.49
593.97
573.58
550.64
533.43
521.29
514.42
507.24
498.88
511.28
526.16
544.73
569.47
593.20
607.53
613.64
611.09
610.09
611.53
610.82
606.14
604.12
605.86
605.81
604.78
594.18
549.46
482.89
423.65
378.01
347.18
334.64
328.92
362.26
407.60
462.99
523.84
581.14
611.28
614.49
612.65
611.32
611.87
612.69
608.70
606.57
606.89
608.49
607.61
597.05
561.31
511.30
476.21
453.80
425.31
412.10
406.88
428.08
449.31
477.35
532.49
582.96
610.30
613.37
612.22
610.75
611.92
613.87
608.63
607.30
608.78
608.72
608.05
597.32
566.21
526.52
504.87
490.90
481.48
483.84
488.79
518.73
549.14
570.87
588.07
603.25
610.73
611.41
610.48
608.76
610.21
611.80
606.23
605.69
606.33
607.04
607.66
602.20
592.81
578.59
567.86
555.68
547.20
550.18
551.68
564.76
575.59
586.89
601.37
610.43
614.14
614.14
612.30
610.05
610.40
610.70
606.33
602.93
602.77
603.55
602.66
596.81
583.09
554.36
524.67
496.67
459.65
427.59
390.52
380.17
383.66
414.97
480.62
551.97
596.81
603.88
602.03
601.65
602.52
602.02
593.71
595.87
593.77
596.86
599.61
589.82
552.67
504.23
459.22
415.56
394.27
388.02
405.56
414.18
444.33
484.92
534.18
577.68
603.33
609.38
606.94
604.18
606.02
601.84
601.27
600.58
600.57
602.72
603.74
597.34
577.52
554.18
528.83
507.35
484.63
462.25
452.57
478.63
502.66
526.50
555.76
588.96
609.85
612.59
612.10
610.98
608.78
610.58
609.49
607.27
606.72
607.04
607.98
599.14
577.97
547.53
524.51
504.14
483.66
472.07
454.33
462.81
479.07
505.91
538.47
580.80
608.69
615.13
612.74
611.09
611.22
611.74
608.59
606.43
607.23
606.57
606.71
591.12
533.06
452.97
389.08
350.06
321.05
312.09
300.57
329.91
366.84
418.71
490.08
555.68
604.07
613.79
611.64
609.32
609.48
609.57
606.74
603.62
603.74
603.23
603.54
587.00
525.89
448.99
398.05
379.12
359.21
351.28
343.46
386.74
438.78
492.87
545.20
583.24
609.20
613.16
610.83
608.13
608.10
608.55
605.02
602.76
603.17
604.19
604.35
590.82
554.16
508.53
484.28
468.17
448.34
440.95
429.05
447.83
477.86
512.45
554.67
585.69
605.95
609.09
608.63
606.88
608.19
608.60
607.15
604.66
605.62
607.12
606.68
595.99
572.12
539.78
504.26
483.64
463.48
457.06
454.98
472.35
495.61
519.74
548.87
579.56
605.72
611.67
609.16
608.08
606.86
606.19
602.16
599.76
600.41
601.69
604.84
592.48
545.12
468.04
393.80
331.86
301.61
287.74
295.28
316.30
350.07
401.17
471.42
548.97
598.83
611.68
612.35
609.96
608.21
609.33
601.26
599.15
600.64
603.35
604.64
589.44
540.20
482.59
447.33
417.33
387.15
376.48
366.90
396.60
425.99
461.74
515.04
572.35
606.43
613.28
611.60
610.24
610.97
610.56
607.25
604.90
604.70
605.92
605.03
588.79
530.09
451.46
403.89
381.10
358.75
350.55
345.81
369.76
403.47
450.36
503.24
566.05
605.94
613.93
611.65
609.10
610.87
611.62
608.72
606.52
605.76
606.94
606.97
588.85
531.08
463.55
420.92
398.24
376.63
363.11
356.27
382.26
418.45
464.93
520.24
572.53
605.25
613.77
610.98
609.66
611.06
611.64
607.91
605.71
605.77
606.59
606.24
590.46
549.01
499.84
477.10
468.09
454.88
458.48
458.80
484.72
510.71
542.08
572.94
598.35
610.62
613.10
610.96
609.94
611.57
612.72
607.39
605.73
604.24
604.26
603.98
595.21
570.92
530.35
500.43
486.51
458.40
440.56
415.89
424.14
436.80
466.68
513.79
560.81
598.05
609.08
607.18
605.81
605.97
606.94
604.96
601.78
601.54
603.92
603.86
581.75
513.68
426.43
364.68
334.84
323.36
319.20
315.60
333.44
363.06
415.71
483.60
550.47
594.77
606.48
606.63
604.43
604.30
601.50
597.94
592.30
592.94
594.82
596.94
577.56
511.91
425.16
362.68
316.19
287.36
279.18
283.95
304.83
343.46
405.32
487.09
558.19
603.46
613.95
611.88
609.67
608.48
604.89
601.90
598.53
601.04
602.10
602.54
585.89
531.63
470.98
437.28
428.86
419.14
416.98
407.28
432.01
465.53
508.58
551.37
590.55
609.60
612.10
609.94
608.38
605.45
607.79
607.11
602.84
602.04
603.88
606.09
599.13
580.44
553.30
532.93
512.64
488.29
462.39
444.30
457.84
469.41
494.33
531.35
573.10
604.10
612.28
609.40
607.35
605.69
608.38
603.26
598.75
602.06
603.64
602.23
586.24
535.24
463.95
427.98
427.01
413.62
412.89
407.79
434.24
459.87
495.55
537.46
575.31
606.77
614.36
612.17
609.06
607.92
608.45
606.10
602.83
604.00
605.92
606.80
586.35
521.28
445.86
401.14
381.54
359.60
355.51
353.53
384.30
415.26
459.81
514.92
565.84
602.26
612.22
611.76
610.90
610.37
611.83
607.40
605.71
605.34
606.59
607.68
590.61
536.36
467.75
431.21
420.35
404.29
402.85
403.27
428.40
454.01
481.60
526.89
567.18
598.92
608.39
605.70
605.92
608.09
608.99
604.89
602.95
603.80
605.06
605.35
583.96
518.77
424.91
360.97
317.57
291.23
284.01
283.52
308.06
344.48
400.74
474.37
549.04
598.00
608.64
608.91
608.32
606.77
605.46
600.55
597.34
599.84
603.02
604.11
590.92
553.62
491.44
424.29
399.59
392.09
396.84
417.70
447.61
481.09
524.39
563.65
593.07
606.25
609.24
606.35
605.57
604.14
600.96
598.08
595.82
596.87
595.77
595.73
589.95
578.99
566.91
550.45
534.21
520.71
508.68
497.73
504.04
516.95
531.14
555.65
581.27
601.98
609.07
606.20
603.41
601.99
602.70
600.24
599.10
599.13
600.51
599.17
584.77
542.20
491.15
462.53
448.54
439.34
432.48
421.04
440.89
463.55
495.27
534.74
573.76
601.36
610.41
610.03
609.44
609.23
610.15
612.80
611.50
610.93
611.61
612.82
591.84
559.61
510.82
471.43
451.06
432.35
425.83
424.30
446.80
469.25
498.95
539.31
580.32
611.35
621.26
620.02
619.73
622.13
622.22
618.32
613.90
614.54
616.07
617.40
602.35
557.73
499.34
461.88
441.11
414.82
403.88
393.89
412.87
441.13
482.72
530.88
577.33
609.35
619.25
618.16
618.86
618.28
617.85
617.48
615.59
615.70
615.74
615.50
601.46
566.30
516.69
477.51
457.60
435.49
427.93
425.03
453.95
479.20
512.66
553.60
588.73
610.38
615.58
615.25
615.61
617.20
616.45
615.00
616.57
616.26
617.15
615.32
605.91
585.36
555.14
526.69
501.75
476.28
475.79
490.16
511.36
542.29
562.53
582.27
601.21
614.20
619.38
618.18
615.22
614.14
613.62
610.32
607.99
607.98
607.60
606.52
592.15
541.79
469.13
400.58
355.04
327.92
322.87
330.57
344.84
374.51
412.70
465.54
538.56
594.53
608.97
607.99
605.68
605.03
605.01
600.47
599.50
600.51
602.58
603.71
588.87
544.96
487.59
445.40
429.46
409.69
404.05
401.74
432.55
472.13
509.41
556.36
594.03
615.26
619.48
617.89
614.86
615.07
613.32
608.57
607.26
606.63
608.64
608.48
600.32
583.87
564.87
550.12
534.46
523.30
517.99
512.99
524.12
543.95
567.81
584.58
599.88
611.68
613.27
611.60
609.27
608.01
607.52
603.19
602.70
602.07
602.60
602.17
593.29
580.78
563.89
550.49
533.13
513.67
496.29
489.43
506.05
518.57
533.75
559.71
585.41
606.26
614.04
612.72
611.15
609.14
607.67
603.35
602.28
601.75
603.45
601.70
590.05
565.20
538.63
513.56
491.18
461.59
448.03
439.65
452.00
472.85
505.78
548.51
580.75
606.20
615.22
615.24
612.38
609.89
607.59
602.64
599.84
600.36
602.49
601.04
588.25
559.56
526.66
498.44
478.68
449.40
430.69
421.97
436.39
449.14
480.76
530.28
573.33
605.76
616.15
614.33
611.54
609.55
608.21
605.86
605.06
604.68
603.89
601.43
585.30
548.98
508.80
482.66
461.28
455.24
447.93
454.45
465.94
480.24
506.10
546.46
580.24
604.46
612.51
611.06
610.16
608.95
606.54
602.72
601.41
600.52
599.55
597.45
578.52
524.79
458.19
403.71
370.81
352.12
343.39
352.29
378.45
412.64
471.37
526.74
574.87
603.46
611.35
610.49
608.64
605.75
605.62
602.99
602.39
599.15
598.60
599.39
587.02
553.94
517.46
488.92
470.59
452.05
444.71
439.95
462.56
489.88
521.78
556.75
589.35
612.95
618.87
618.05
615.08
614.40
612.23
608.98
607.49
607.73
606.08
605.19
592.31
572.41
550.06
533.85
520.50
502.95
500.02
498.23
512.19
540.67
562.82
583.40
602.47
615.94
621.06
619.63
616.59
614.35
611.93
610.03
608.29
607.87
606.96
605.62
594.79
571.43
545.33
524.53
513.30
493.55
478.86
472.32
489.93
508.80
534.40
563.04
590.42
608.72
615.41
614.46
613.61
612.53
610.41
608.32
607.53
606.97
606.72
604.18
593.77
567.61
537.49
519.64
503.91
488.47
478.01
470.50
490.40
505.76
528.49
559.07
583.95
607.50
615.61
614.51
613.26
610.88
607.29
600.53
599.18
599.67
599.08
597.83
586.27
566.08
540.66
515.73
493.31
473.76
457.76
448.07
465.77
486.37
514.51
548.62
579.73
605.21
614.39
613.55
611.09
608.40
605.69
603.13
602.18
602.16
601.20
599.74
583.63
539.41
484.31
446.83
433.44
425.19
427.08
437.70
455.96
483.20
517.31
555.28
587.48
610.29
618.75
617.38
616.65
615.84
614.02
607.62
603.64
602.44
603.10
602.66
583.46
538.73
486.62
451.10
427.74
404.89
391.59
398.40
413.26
436.38
479.42
525.38
571.53
605.40
617.22
616.18
615.82
616.23
615.47
608.80
607.85
607.06
607.33
605.00
587.88
548.33
506.32
481.90
466.05
452.72
451.32
453.33
470.38
497.81
528.48
563.21
591.21
615.90
623.75
623.04
621.71
619.80
619.75
615.39
613.34
611.08
610.30
608.33
593.75
555.16
509.39
480.53
463.28
450.84
443.02
434.52
451.73
471.97
500.51
542.28
581.35
612.95
622.95
622.23
619.32
618.13
617.42
611.31
609.35
604.93
603.78
604.82
589.79
548.61
500.25
470.35
456.81
442.60
437.08
434.88
453.00
474.85
505.17
543.86
580.85
612.21
622.79
621.70
619.49
619.34
619.97
613.47
611.70
610.28
609.88
608.14
594.09
552.38
504.47
475.45
457.50
442.13
437.72
436.07
456.84
479.77
509.66
548.98
587.01
616.16
625.19
624.66
621.73
621.79
621.79
617.31
615.30
613.80
613.11
610.36
595.04
548.51
501.80
475.60
465.07
452.67
449.53
444.04
460.94
482.91
514.87
552.48
586.98
614.12
623.17
621.83
619.96
620.69
620.08
615.85
614.17
612.89
611.73
609.56
592.27
543.41
484.26
446.20
424.47
408.17
405.10
410.29
427.35
455.55
494.69
539.07
583.75
615.80
623.57
622.59
620.84
619.89
619.85
613.14
610.27
608.09
607.27
605.92
594.75
562.35
529.15
502.41
485.23
477.92
478.71
493.97
517.40
537.47
557.18
580.79
601.22
615.86
619.90
618.50
615.35
613.06
611.50
605.68
604.64
603.93
604.68
604.60
598.53
586.87
570.65
556.74
545.73
526.91
519.52
519.97
527.89
539.96
559.54
579.93
601.86
619.48
622.10
621.42
618.46
616.09
614.62
614.52
613.54
612.90
612.07
609.76
601.23
584.07
563.79
544.57
535.82
524.72
519.25
517.44
526.82
541.90
561.05
582.81
603.42
615.13
621.28
620.10
618.76
617.56
616.58
613.82
611.28
609.83
608.70
607.71
598.18
574.76
541.09
517.57
509.44
501.90
486.37
482.52
495.20
509.18
533.93
563.09
589.55
610.63
616.81
619.00
619.70
617.64
614.54
612.69
610.59
609.82
609.31
608.53
596.58
565.86
528.61
506.47
489.56
472.03
459.55
453.05
466.82
486.13
512.09
549.48
585.94
613.48
620.98
620.66
621.28
620.67
616.46
612.81
611.53
609.94
609.36
608.25
597.51
568.99
533.97
506.62
502.26
491.29
476.08
467.81
482.19
503.80
524.94
557.60
589.41
613.79
621.48
622.04
620.83
620.36
618.84
613.63
612.75
612.19
611.51
607.40
594.67
562.62
516.97
472.83
453.49
436.34
431.75
439.23
448.78
467.97
503.09
545.14
584.01
612.76
620.58
619.13
619.24
618.33
617.26
614.62
612.39
610.66
609.36
607.63
597.93
573.32
533.69
481.35
445.54
425.19
416.01
417.48
428.36
452.44
487.49
531.81
577.69
611.62
622.39
621.71
621.44
619.29
618.89
613.50
612.55
612.86
611.09
609.62
597.06
563.03
520.97
499.25
484.94
473.94
468.88
468.68
485.29
505.68
535.30
570.63
598.98
619.17
623.83
623.54
622.40
620.83
619.73
615.05
613.86
611.73
610.05
608.71
602.00
588.47
570.07
557.08
549.64
539.73
534.23
529.10
537.41
545.11
557.31
577.01
594.85
612.80
620.09
618.94
618.96
617.64
616.52
611.93
609.07
609.39
607.99
605.61
596.93
566.12
527.69
505.53
497.83
489.79
483.53
480.64
490.44
506.44
534.36
562.86
592.93
613.59
616.68
615.69
614.93
615.24
613.76
607.14
603.87
602.97
602.13
600.17
592.53
574.04
553.85
539.53
534.19
528.38
523.75
521.07
537.40
556.49
569.60
586.74
601.46
613.47
615.06
613.21
612.82
608.74
606.29
601.41
598.58
597.33
597.19
595.24
588.84
578.33
570.53
563.82
557.05
547.67
542.65
533.64
538.97
552.82
569.94
587.15
596.26
606.44
609.55
610.52
608.47
605.62
602.17
599.59
596.54
595.24
594.07
593.02
586.18
569.34
546.98
526.89
514.42
499.56
491.41
490.81
496.59
511.94
535.35
559.90
582.68
602.15
608.42
605.99
603.48
600.96
598.86
595.47
591.59
590.89
591.61
590.02
581.65
554.42
514.23
473.72
451.08
433.59
420.27
413.00
424.54
442.10
473.13
520.92
568.15
595.92
607.79
608.42
607.41
601.25
599.13
593.54
590.90
590.10
589.23
588.43
580.29
554.00
515.64
483.23
461.67
434.49
427.39
434.74
453.10
480.00
521.22
561.74
593.11
608.26
611.05
609.91
606.74
603.41
601.08
594.52
592.88
591.29
591.63
590.87
585.73
574.84
567.95
562.68
568.44
566.23
559.33
555.58
560.99
562.65
566.19
579.82
593.93
604.72
607.26
604.89
604.16
602.15
599.82
595.62
592.30
591.44
590.96
589.49
580.97
551.53
517.62
501.43
485.33
467.44
458.05
447.38
453.51
475.21
507.16
548.03
580.98
602.81
609.71
607.12
605.69
602.59
599.44
594.67
592.18
590.24
589.96
588.79
577.43
551.30
520.33
501.95
487.88
476.60
477.78
480.00
501.41
516.81
541.10
567.42
585.25
600.67
605.67
604.67
603.29
600.32
598.49
593.03
591.07
592.09
591.19
589.68
582.69
563.12
535.72
519.27
510.73
496.09
484.16
473.59
475.11
486.36
507.82
540.37
573.99
601.98
607.90
606.65
605.26
602.30
599.73
597.52
593.49
590.21
588.34
586.47
576.46
540.02
486.10
441.06
418.21
405.48
401.68
400.29
411.34
432.88
466.08
513.91
562.14
596.60
605.41
602.77
599.84
598.95
594.18
592.42
587.19
584.25
585.71
585.36
572.90
527.62
462.14
406.47
376.48
365.99
370.62
382.51
402.26
433.55
469.91
515.78
563.86
596.46
606.09
605.60
602.11
599.25
595.64
590.53
586.16
580.86
582.44
583.93
580.50
555.44
517.80
491.59
472.26
457.33
450.72
443.22
458.21
477.56
507.84
545.04
579.89
605.62
610.37
608.94
607.41
605.30
600.81
595.51
593.96
591.98
591.38
589.86
583.52
562.23
532.21
514.34
505.73
490.64
482.84
474.64
482.18
495.80
518.02
549.70
580.88
601.89
606.58
604.95
604.24
601.93
598.44
592.21
590.35
589.10
588.11
586.39
579.04
557.04
526.87
507.15
493.06
478.08
474.26
470.78
486.09
507.95
534.69
561.68
586.38
605.27
610.02
608.20
605.14
604.28
602.29
595.42
591.02
586.90
586.37
586.52
578.78
546.66
509.10
485.20
471.72
457.76
453.50
447.77
464.86
485.28
514.69
547.20
578.32
599.67
604.76
603.45
601.76
601.00
597.86
593.06
588.94
586.89
586.32
584.19
576.11
543.51
503.52
481.03
466.66
454.16
443.60
439.01
452.17
472.01
502.77
541.81
577.67
600.56
606.06
605.06
601.40
599.56
596.39
589.08
584.60
580.96
580.01
579.40
572.99
540.33
494.75
465.66
445.22
430.17
421.44
421.61
431.54
453.66
490.92
532.31
573.47
599.59
604.68
601.75
597.69
594.78
591.25
587.88
584.19
579.25
577.63
575.18
565.74
529.92
476.56
436.91
414.33
400.86
397.77
406.41
418.87
449.96
488.86
533.81
575.02
600.42
605.87
603.34
600.97
599.09
595.99
585.17
580.57
578.74
579.52
579.44
573.08
542.83
504.54
483.03
470.42
458.48
453.26
448.84
464.97
485.58
514.18
548.22
580.97
603.08
607.36
605.99
604.49
602.46
599.71
590.93
585.67
585.80
584.92
585.17
582.72
555.76
512.37
491.50
477.18
461.98
457.35
455.57
470.94
492.55
522.10
553.94
584.53
605.65
609.62
608.71
607.89
606.31
601.44
594.13
586.58
585.10
585.18
584.68
579.85
553.26
519.67
499.97
486.25
471.44
468.27
471.91
484.77
501.46
527.26
558.68
585.43
602.74
606.92
605.57
604.01
602.17
599.14
591.10
587.82
586.54
585.98
588.06
582.93
562.19
537.72
529.67
525.45
516.50
513.33
511.64
521.59
529.20
544.28
565.85
582.41
594.76
596.33
595.01
591.47
589.11
586.92
580.38
576.90
576.91
578.29
578.51
575.04
552.59
521.58
501.95
490.05
480.39
476.50
471.69
483.78
496.91
521.83
549.65
577.25
594.70
597.09
594.86
590.20
589.03
587.62
584.18
580.03
576.84
576.57
577.17
573.15
553.39
513.72
484.54
464.70
445.17
438.68
429.00
442.19
459.84
489.40
523.69
560.13
587.15
592.86
590.10
586.51
585.51
582.21
575.53
569.66
569.43
571.31
573.11
569.37
542.01
493.59
459.08
433.18
409.34
392.79
390.91
401.53
428.23
466.34
516.72
564.82
593.03
599.40
597.63
596.13
592.94
589.10
583.61
577.71
576.10
577.45
578.08
573.43
544.23
504.69
484.07
470.88
458.00
451.57
444.20
458.50
483.91
514.74
548.97
578.64
599.56
602.32
599.95
597.52
597.21
593.23
585.50
581.04
580.79
581.22
581.92
578.29
548.42
506.90
483.49
468.02
454.75
450.56
453.22
468.31
489.15
518.05
551.78
581.92
601.61
604.72
603.86
600.62
599.37
596.52
590.84
585.15
581.59
581.94
582.45
579.25
550.92
511.53
488.01
472.05
460.28
455.31
456.71
474.13
495.99
526.62
557.85
585.61
601.66
604.15
602.39
599.58
598.10
594.98
590.24
585.34
583.41
581.30
579.88
576.75
547.47
504.54
476.01
453.13
434.46
430.77
435.20
445.94
466.34
496.22
537.33
576.36
600.76
602.26
600.60
598.85
595.22
591.97
584.82
579.26
576.06
573.94
573.60
570.73
551.04
522.31
498.59
488.77
478.30
470.62
473.27
485.25
498.74
528.03
553.69
577.78
596.33
599.19
597.13
593.10
592.15
588.57
583.15
578.35
576.74
575.92
573.85
571.57
547.35
513.96
486.44
470.36
460.65
451.13
455.15
464.01
480.93
509.65
537.51
570.01
589.45
594.10
593.29
589.43
586.32
582.32
578.48
574.81
574.51
573.47
571.76
569.06
554.40
523.46
482.28
450.58
423.28
399.55
407.23
424.24
447.68
478.30
523.18
566.42
594.13
598.39
596.90
593.18
590.55
586.42
581.81
574.78
571.78
571.71
572.13
567.78
545.45
500.87
462.57
442.65
428.19
422.34
433.48
449.13
471.80
502.06
537.61
575.21
596.42
599.47
596.64
592.32
588.33
582.99
579.67
573.83
570.00
569.09
568.54
566.21
549.86
517.86
492.56
470.51
451.65
455.29
454.67
466.36
490.34
522.83
552.05
580.14
595.26
596.86
593.90
589.35
586.45
583.82
578.11
573.68
572.42
571.63
572.73
572.38
558.13
540.81
532.54
522.08
504.20
491.60
490.58
506.29
523.75
542.19
567.34
585.54
595.00
592.89
590.66
587.80
586.03
582.17
574.42
569.95
569.66
573.78
577.21
575.91
566.78
555.50
544.05
529.63
502.71
471.36
451.31
455.83
461.57
490.09
531.06
570.72
591.69
592.85
590.08
586.35
583.29
580.30
573.32
570.67
569.31
568.97
569.43
565.37
528.74
471.64
434.93
417.55
404.59
397.80
395.25
414.56
440.26
478.42
528.42
570.68
593.92
594.40
592.07
588.56
584.37
581.95
576.59
572.68
572.13
572.37
573.25
571.62
545.91
508.43
471.92
451.21
443.55
462.64
486.13
505.44
521.02
539.93
568.09
585.40
593.18
592.43
589.32
584.40
582.62
583.88
577.15
574.43
573.19
573.85
574.68
572.99
554.85
526.64
491.15
462.75
434.78
411.88
406.24
413.47
441.66
474.65
521.65
565.43
590.94
592.80
591.17
587.92
584.11
582.01
578.79
573.72
571.38
573.39
575.72
573.97
548.96
512.01
487.76
474.67
462.18
454.65
448.48
466.83
488.96
516.97
553.65
583.63
599.64
599.26
595.94
593.16
590.88
588.66
584.50
580.41
579.01
581.78
584.12
581.69
567.77
546.43
525.81
512.12
495.28
482.03
482.29
496.00
513.06
534.98
564.83
593.75
608.89
608.31
605.91
602.64
600.31
599.03
593.30
589.51
588.85
591.36
592.65
591.19
567.21
532.13
513.52
502.66
490.84
489.16
491.46
510.58
531.44
553.59
580.71
600.25
606.32
604.69
604.21
600.55
597.89
596.59
591.52
589.39
590.59
591.32
592.18
590.78
574.73
547.97
527.90
513.26
493.08
482.42
479.01
490.63
507.85
534.26
567.79
591.04
605.85
605.78
602.22
598.51
596.97
597.70
591.11
589.55
590.96
591.72
592.49
591.47
575.21
548.49
527.27
516.38
494.68
485.51
483.63
496.97
514.99
539.62
567.64
594.96
610.17
609.77
606.61
603.15
600.13
598.23
595.48
592.89
590.05
590.03
592.28
589.79
567.56
517.28
479.61
463.20
448.73
435.21
428.96
444.16
470.88
511.56
551.33
584.19
604.38
605.27
601.85
598.72
597.38
594.10
589.48
585.68
584.84
582.51
585.81
583.41
569.76
541.70
499.49
469.00
453.66
449.41
438.16
421.35
436.09
468.44
512.21
563.69
590.53
591.86
589.79
587.73
585.86
586.21
580.56
576.05
575.29
576.19
578.01
577.16
543.49
489.27
445.76
422.71
410.59
412.08
417.99
448.43
483.88
521.20
560.78
590.90
603.54
602.02
600.43
597.60
595.59
591.71
587.45
584.58
583.42
584.94
587.10
586.11
569.43
542.81
522.53
503.97
483.36
477.78
471.63
484.56
510.77
541.00
569.82
594.02
606.12
604.94
603.04
600.13
598.14
596.90
591.78
589.17
588.38
589.47
590.48
589.28
569.95
543.04
520.71
501.43
485.54
479.18
476.23
485.29
503.45
532.21
564.29
594.76
608.60
608.22
607.66
603.79
601.59
599.49
594.77
592.98
592.26
591.93
593.01
592.74
577.17
552.53
544.14
541.90
532.41
522.66
512.62
525.91
546.11
569.71
589.20
601.94
608.79
605.28
603.97
600.61
598.07
594.78
589.13
586.47
584.98
584.83
584.44
583.03
569.76
550.53
529.41
517.66
502.03
494.67
490.56
505.06
521.79
546.73
572.20
593.04
602.21
599.02
597.89
595.27
592.94
589.72
586.95
583.78
583.13
583.08
582.40
579.71
561.64
527.09
495.01
478.50
465.15
463.08
467.06
477.83
497.39
525.37
560.26
588.16
600.25
600.11
596.97
593.39
589.23
585.59
580.52
576.67
573.88
577.11
577.96
576.00
551.32
494.21
436.45
399.73
381.58
376.12
388.25
406.51
436.06
478.14
533.02
580.74
600.28
600.36
598.19
595.23
589.91
585.50
578.59
575.42
574.56
575.17
575.70
575.54
557.27
523.21
504.25
491.56
474.10
467.42
469.49
486.04
504.43
530.68
566.82
593.92
603.23
601.58
598.99
594.86
591.74
587.62
580.58
576.14
574.38
574.18
572.52
571.55
553.17
523.00
500.63
491.69
479.82
472.92
470.13
490.21
509.39
540.20
568.98
593.99
601.54
598.98
597.94
595.70
594.44
591.59
584.47
581.70
580.43
581.99
583.29
582.20
566.45
533.34
503.39
483.92
468.39
466.60
468.99
490.55
512.88
537.19
564.63
588.63
603.92
603.96
601.60
599.46
597.32
592.75
586.67
581.16
578.93
578.79
579.00
577.61
565.44
545.96
526.30
514.33
501.82
491.90
481.48
492.95
509.80
533.37
567.30
592.43
602.09
601.34
599.11
597.26
594.75
590.44
583.88
578.33
577.13
578.61
579.36
579.49
564.22
532.27
503.09
485.04
464.16
450.32
443.02
454.65
481.80
520.20
563.45
594.33
603.90
602.48
600.57
598.44
596.34
590.98
582.12
579.29
578.33
578.19
576.34
572.91
543.09
479.27
426.57
397.09
377.23
369.12
376.39
393.12
424.49
473.04
533.71
578.84
595.53
595.23
592.41
589.19
584.21
580.04
577.34
575.58
573.26
574.04
572.26
570.61
539.49
469.21
401.16
367.05
344.30
341.73
348.62
371.07
410.09
458.13
526.34
580.06
599.19
599.61
598.82
596.64
594.98
589.84
588.39
587.97
586.13
586.62
585.49
585.32
558.48
502.08
462.30
440.73
424.82
420.30
419.75
443.31
475.53
515.52
562.42
600.51
611.78
610.00
608.59
606.77
603.55
599.68
594.14
590.82
589.76
589.85
590.50
590.79
570.74
526.28
490.05
470.57
453.25
445.76
444.20
464.65
489.99
525.69
569.43
603.06
614.23
612.90
611.81
610.02
608.53
603.23
596.83
592.64
589.59
588.86
588.46
587.76
564.47
509.64
473.12
456.38
438.19
430.77
427.87
445.51
471.17
511.18
560.72
597.74
608.72
607.90
606.51
605.57
603.98
599.17
596.45
591.37
590.02
589.73
590.10
590.26
570.78
533.55
503.28
485.68
467.75
455.84
453.23
475.46
503.42
536.34
573.44
600.98
609.82
608.84
608.02
605.25
604.76
599.07
594.97
590.50
591.37
591.59
592.86
591.21
567.07
516.48
473.57
450.51
427.89
422.83
423.20
447.41
476.79
515.34
564.87
600.22
609.91
609.40
608.36
606.95
604.92
598.98
595.94
593.46
592.45
592.41
590.48
587.51
563.69
518.04
477.83
459.34
445.94
448.42
454.56
477.22
504.59
537.50
573.29
600.14
604.73
603.51
601.09
598.11
595.57
593.65
590.68
588.78
587.63
588.41
588.63
586.33
566.54
532.83
502.85
498.33
498.14
503.63
515.14
531.51
553.59
572.57
588.19
599.53
601.38
602.12
601.37
598.95
598.18
595.93
592.00
590.98
588.04
587.94
587.50
586.60
572.61
549.75
534.54
521.70
512.48
510.91
513.72
526.64
544.03
567.42
589.59
602.84
606.74
606.51
605.46
603.31
602.75
600.16
594.53
591.50
591.30
590.90
589.37
586.82
579.71
559.48
532.10
507.67
488.07
476.64
475.04
485.32
502.99
527.27
561.47
590.43
597.84
598.63
597.24
595.40
594.54
592.61
590.33
585.94
587.75
590.10
589.07
588.93
571.77
532.74
496.49
461.32
420.54
399.53
389.70
420.65
454.27
501.06
557.75
596.99
605.22
604.33
602.35
601.29
600.07
598.07
593.03
591.13
590.10
590.06
589.81
589.04
573.18
536.63
504.42
475.15
455.09
446.44
444.29
473.45
503.79
542.74
581.60
602.33
606.92
605.75
603.50
602.68
601.56
599.97
590.21
587.42
586.97
588.22
588.09
586.79
580.59
564.31
545.28
527.83
514.77
508.26
505.40
528.04
552.12
568.84
586.60
600.50
604.22
603.98
602.09
599.27
597.76
595.48
594.35
590.39
587.61
588.69
589.47
587.14
570.23
529.53
488.31
453.06
425.09
414.45
419.02
440.93
469.31
503.13
546.05
588.72
599.14
598.53
596.00
594.60
591.45
590.17
582.44
580.95
578.70
579.52
577.82
577.53
550.18
476.11
400.92
336.78
298.68
286.45
295.45
325.14
375.52
450.95
535.53
593.44
603.28
603.17
601.15
597.15
593.57
592.99
589.28
587.87
588.26
587.84
587.04
586.54
565.99
512.20
465.16
433.59
413.78
405.76
405.55
436.04
474.16
521.81
574.86
608.50
612.69
611.87
610.46
609.36
606.70
600.44
597.06
595.26
592.56
592.62
593.45
592.44
575.47
537.44
505.40
485.04
467.04
468.76
470.97
487.50
509.98
547.68
587.32
607.85
609.34
605.81
604.55
602.48
600.14
598.19
593.09
589.49
590.31
590.72
589.48
589.19
574.61
535.30
495.72
463.74
436.79
427.53
415.10
438.34
477.76
526.95
574.08
602.59
607.11
606.65
604.84
602.98
601.95
598.60
594.80
593.29
592.28
592.86
591.34
589.61
574.83
526.84
484.61
457.03
422.18
414.18
408.71
441.53
482.01
532.34
578.19
604.42
607.97
606.77
604.77
602.93
601.21
597.94
597.52
594.93
594.34
595.29
594.03
591.53
571.21
492.78
419.14
381.84
360.76
353.79
349.40
382.15
428.41
489.73
559.53
600.45
606.22
606.42
606.29
604.62
603.04
598.01
595.39
592.02
590.99
590.00
586.72
585.67
555.04
471.69
382.22
330.62
307.44
303.74
308.72
342.24
393.13
464.04
546.11
597.45
605.22
604.56
602.19
599.37
596.90
595.39
593.58
589.70
590.27
591.81
589.76
586.22
557.88
455.15
357.84
305.20
283.01
281.33
294.95
327.64
383.92
462.77
546.42
598.51
605.67
604.43
602.77
600.48
598.43
596.89
588.66
585.08
585.39
586.50
586.32
586.15
571.88
514.30
467.69
443.70
424.22
430.40
437.37
468.05
501.64
536.82
574.64
601.44
605.23
604.12
602.69
599.69
598.33
596.46
587.90
584.25
582.70
582.54
584.09
583.44
567.58
516.42
476.38
457.96
442.95
444.67
447.28
474.39
509.18
543.75
581.36
599.93
601.09
599.48
597.15
596.27
595.38
594.06
585.89
580.76
580.02
580.28
579.80
578.43
573.69
554.48
534.54
524.29
514.10
509.81
502.76
518.90
530.68
551.50
577.87
596.60
600.12
598.39
596.70
595.59
594.01
591.33
586.33
577.73
578.27
581.03
581.05
580.34
575.84
556.70
541.97
537.37
526.68
521.11
512.77
521.90
529.16
546.24
575.21
598.47
602.72
601.83
599.82
598.23
594.37
590.76
585.65
583.97
584.53
586.81
586.30
586.69
583.88
573.86
567.27
566.15
561.65
556.79
548.82
554.65
562.26
573.69
586.03
600.94
602.43
598.12
596.46
594.19
591.11
588.05
583.35
580.02
579.47
578.38
577.50
575.24
566.97
527.33
463.01
413.72
372.32
357.41
360.17
392.64
441.13
490.73
546.79
586.25
591.75
591.11
590.16
587.16
584.00
581.47
579.14
574.47
576.65
576.82
578.64
577.81
563.30
512.08
471.21
448.74
432.25
439.80
462.17
500.89
534.85
564.49
582.35
589.88
591.64
588.11
586.74
584.75
580.86
577.55
572.79
570.73
571.42
571.98
572.18
572.88
566.55
549.94
530.34
512.03
485.52
463.58
451.14
456.59
479.55
519.04
563.05
587.73
591.89
589.14
587.40
583.25
579.21
578.46
574.16
570.43
569.06
571.14
572.71
572.83
561.38
513.46
455.70
409.73
377.80
362.15
358.18
396.06
442.94
505.82
564.24
593.20
594.95
591.36
590.17
588.73
586.43
583.18
579.53
578.93
578.12
579.15
578.59
579.00
575.41
549.61
516.79
483.23
457.51
454.77
447.80
473.24
500.43
538.74
579.01
599.06
599.54
597.53
594.68
592.77
590.92
587.32
585.47
584.17
582.70
582.08
581.43
582.06
576.19
543.13
508.15
477.70
463.24
462.16
462.39
485.48
512.91
541.03
578.77
598.51
599.56
597.31
594.68
592.50
588.44
587.31
584.18
581.32
580.83
583.91
583.71
583.30
574.14
521.40
467.84
427.36
397.92
385.35
379.21
412.01
454.66
512.73
569.10
599.48
600.44
598.55
597.22
594.92
593.45
590.41
586.00
583.24
583.16
583.98
583.78
582.98
573.10
517.82
451.46
403.10
357.09
338.10
336.21
358.00
406.74
478.89
556.36
594.94
597.43
595.63
593.68
591.06
588.55
585.89
583.05
577.30
576.25
578.71
579.52
578.87
563.80
498.43
423.27
359.93
332.23
330.46
347.41
382.38
439.80
509.29
568.09
594.18
597.30
595.37
594.62
592.25
588.58
584.97
581.00
577.42
578.07
579.60
580.68
581.52
579.48
565.86
552.86
547.85
540.73
542.67
546.29
560.73
575.45
586.63
598.53
602.28
600.93
597.73
595.31
592.69
589.18
584.39
578.57
576.18
574.66
575.50
577.80
579.37
574.47
535.89
498.77
475.24
454.88
437.70
424.31
447.24
480.73
528.47
576.11
597.64
598.44
597.43
595.69
593.65
589.52
586.34
581.79
578.35
577.53
578.32
579.88
580.39
575.47
509.41
443.00
395.36
362.92
356.98
353.00
387.38
435.65
497.17
567.76
598.83
598.84
598.37
597.85
594.16
591.53
588.00
581.75
579.29
579.20
579.29
580.13
582.12
572.87
499.60
418.05
364.02
329.07
317.11
310.97
351.11
406.30
485.10
564.31
597.82
599.66
598.60
597.25
593.53
589.89
586.35
587.07
586.17
587.39
590.64
592.09
594.75
577.91
507.06
434.05
382.00
345.56
334.63
333.99
380.31
430.49
498.39
568.62
597.33
597.24
596.11
592.07
592.04
592.31
591.84
580.65
578.30
579.18
581.02
581.44
581.02
572.68
536.21
485.51
440.86
420.15
405.77
405.76
432.18
469.16
512.57
565.05
589.91
589.00
588.35
587.66
585.81
584.90
583.25
578.72
576.22
575.50
577.02
575.35
576.04
565.53
506.94
413.51
338.56
304.75
301.50
310.20
343.06
398.00
472.91
553.79
586.53
587.67
585.85
584.44
581.19
579.34
576.36
571.54
569.12
568.67
571.76
574.36
576.61
575.21
537.98
491.06
460.45
439.38
437.11
431.76
451.33
484.93
527.79
574.47
595.78
596.68
594.82
591.24
589.57
588.64
586.63
579.99
577.70
576.93
579.39
579.75
581.59
578.93
538.54
498.22
464.83
440.10
435.56
438.54
465.20
494.29
533.19
576.57
596.75
598.02
595.43
594.11
591.72
591.05
590.78
583.98
581.17
583.86
584.35
584.25
586.28
581.67
517.44
439.92
383.64
345.32
334.98
328.04
369.19
422.48
497.67
573.48
600.21
601.72
600.16
600.45
599.49
597.08
593.09
587.67
585.35
586.11
588.34
588.81
591.67
587.12
537.84
482.92
443.85
414.13
410.51
418.57
466.37
516.64
553.73
589.42
602.51
603.26
600.83
598.92
597.72
596.29
593.53
586.75
584.38
585.20
586.32
586.55
587.73
586.45
535.79
469.97
416.95
379.33
364.79
357.73
396.17
450.20
515.25
578.82
600.49
598.30
594.92
592.19
590.60
591.19
590.81
585.61
580.54
579.80
579.90
581.16
579.79
572.03
507.54
415.76
344.81
310.93
299.18
295.91
328.85
392.93
478.78
556.60
587.09
588.14
586.90
585.40
583.00
580.49
579.59
576.04
575.82
578.79
580.87
580.82
579.53
575.01
504.04
406.40
333.49
294.14
290.98
305.10
335.43
388.36
472.05
553.77
588.93
591.04
590.43
587.91
587.22
584.80
582.55
577.71
575.88
578.37
584.37
584.23
587.29
586.14
528.63
458.06
403.71
365.30
351.16
349.32
395.96
454.97
525.13
582.73
599.29
599.32
597.88
597.90
594.01
591.75
592.09
590.30
587.73
588.96
590.97
592.80
592.39
590.83
574.59
552.73
539.88
531.23
529.78
522.80
538.30
560.08
580.50
594.82
600.11
600.05
598.46
595.79
593.12
591.80
590.83
588.13
586.43
586.91
589.15
590.26
590.78
588.21
539.92
467.87
413.46
373.19
354.05
351.94
393.33
450.05
518.80
581.26
599.17
599.59
597.20
591.76
590.89
591.69
592.71
587.60
585.72
586.19
589.10
590.36
588.93
582.51
531.84
460.77
395.71
349.81
336.13
341.87
377.46
434.46
509.68
573.90
593.43
593.06
592.03
590.41
588.72
585.58
583.88
581.30
579.82
583.15
585.31
584.99
585.86
584.41
542.27
482.01
425.70
386.76
374.80
374.54
415.34
470.27
525.97
577.04
593.82
593.28
592.54
591.45
588.60
590.85
589.61
585.02
581.82
585.20
588.42
588.44
588.65
584.97
540.72
472.54
414.42
368.15
351.90
348.53
376.70
428.49
502.85
571.05
590.67
590.50
590.25
590.24
588.06
587.64
585.03
578.12
576.14
579.44
582.65
583.69
584.61
580.19
517.68
405.59
327.61
277.01
265.91
277.27
318.44
391.12
488.76
564.40
591.98
594.50
593.62
592.12
590.90
589.88
589.34
583.09
582.10
581.36
583.78
584.59
586.41
589.54
549.79
486.58
431.21
392.19
377.58
380.35
415.57
464.22
531.68
587.37
600.99
600.17
598.76
596.57
594.42
593.87
593.62
586.79
584.47
585.92
588.20
589.02
590.47
589.98
542.43
469.27
413.14
376.43
366.63
369.02
415.88
466.65
525.86
578.23
595.06
594.91
593.27
589.91
587.84
587.51
585.93
578.44
577.54
579.12
582.49
583.38
584.49
584.51
539.74
465.74
405.85
365.73
353.04
348.17
386.38
443.32
518.66
581.61
595.97
596.03
594.83
591.32
588.65
588.29
585.80
578.23
576.04
577.94
581.39
582.33
583.01
582.47
540.48
471.17
418.66
380.33
368.88
371.26
415.06
470.55
534.29
582.04
596.05
595.14
593.10
591.28
588.88
589.18
587.71
581.74
579.93
580.83
582.96
585.26
587.17
586.88
543.01
472.06
416.54
374.37
358.43
350.90
393.74
452.41
522.93
580.41
594.63
593.14
589.63
589.45
586.57
586.34
585.42
580.67
578.83
579.88
581.25
582.03
580.64
578.10
533.75
448.35
376.16
324.55
315.49
322.45
360.25
424.62
505.13
570.26
584.84
584.98
582.37
579.99
579.26
575.17
572.80
568.22
564.72
565.87
570.20
570.99
569.37
563.43
529.39
477.32
438.56
434.20
456.53
479.80
500.00
525.53
552.86
577.60
584.63
583.07
578.95
574.29
569.36
566.81
564.92
558.79
556.41
560.66
561.16
563.50
565.37
569.28
534.28
474.12
426.74
391.71
381.89
383.40
435.05
490.27
546.95
588.92
596.35
596.35
593.93
592.01
589.94
589.89
589.66
581.28
579.99
581.20
583.30
583.26
585.51
588.60
567.87
526.92
497.36
467.24
452.99
444.00
466.08
498.04
543.76
586.41
597.19
597.01
594.42
592.29
589.13
587.95
586.01
577.40
575.70
576.18
576.37
577.79
580.58
583.17
545.16
471.49
412.81
376.91
370.77
370.25
411.15
469.23
535.29
582.86
592.89
592.27
589.81
588.19
585.73
585.61
585.27
580.39
578.58
581.35
583.64
584.17
585.15
587.98
556.39
504.86
462.96
431.75
429.42
432.65
472.19
518.56
559.30
590.20
597.79
596.43
595.49
593.42
591.10
591.53
591.51
585.29
583.87
585.91
587.24
587.46
588.95
591.03
558.93
495.67
441.97
402.97
381.46
381.54
422.28
474.25
536.92
583.58
596.04
592.99
591.10
589.49
587.54
586.57
586.36
578.52
577.15
577.59
578.25
577.93
578.04
576.92
543.66
478.12
413.66
365.23
346.41
357.66
401.52
464.38
532.17
578.68
587.61
587.56
585.98
586.19
585.48
582.24
581.11
573.74
570.99
572.98
575.17
574.91
573.95
570.72
551.33
512.26
477.57
450.63
444.41
451.49
473.62
518.02
557.42
581.32
588.86
589.41
588.95
588.60
585.78
584.22
582.59
575.70
574.86
577.59
577.16
578.34
579.46
584.78
573.68
538.23
494.97
448.71
422.57
402.03
430.89
474.95
537.17
586.92
595.86
593.32
591.27
588.81
587.22
588.58
587.58
582.27
580.44
580.48
582.16
582.00
582.86
583.67
556.85
499.45
452.86
422.14
414.47
424.46
473.36
526.27
570.54
592.25
595.94
593.50
591.44
591.96
591.07
591.88
590.56
584.98
583.72
585.75
587.19
587.44
587.48
587.02
582.20
576.41
566.69
557.20
554.58
555.56
560.40
566.19
578.98
591.68
593.91
594.83
593.52
591.31
590.49
588.06
584.86
579.04
575.25
576.40
576.71
577.54
577.31
580.13
555.73
497.60
444.77
403.75
388.97
394.88
439.59
496.83
553.04
590.94
596.63
595.54
594.83
591.81
588.05
587.14
584.18
577.68
576.44
578.03
576.29
576.68
580.44
585.62
557.34
487.23
421.34
373.26
353.74
349.42
392.42
457.79
530.30
589.71
597.37
595.71
594.51
592.15
589.81
586.90
584.93
576.92
572.88
571.83
571.89
573.03
572.13
571.71
560.61
533.85
500.55
473.02
445.83
434.54
446.71
489.97
537.04
575.77
586.57
587.19
585.66
581.72
578.20
576.40
574.21
569.52
566.17
564.66
562.56
564.85
564.48
567.46
534.30
447.21
362.21
313.16
296.08
302.66
332.86
408.29
502.16
573.24
587.39
588.84
588.61
585.96
584.30
583.82
582.06
576.07
575.74
576.08
576.50
578.62
581.15
587.06
572.79
530.95
502.78
471.75
445.93
439.79
469.64
513.34
557.21
589.98
596.01
595.37
593.34
590.84
586.29
583.52
580.86
576.06
571.79
570.49
570.35
570.61
571.85
578.29
572.85
556.43
546.36
527.45
522.15
529.69
548.80
563.60
579.14
591.57
594.68
594.19
592.45
590.22
587.66
583.74
581.30
577.62
573.26
573.06
572.35
571.68
571.36
574.59
568.44
548.15
531.19
521.33
502.74
497.67
523.89
543.57
566.92
583.90
586.72
585.59
584.07
581.96
580.49
580.91
577.20
571.37
569.37
571.61
573.81
575.93
578.44
579.31
573.57
549.92
535.80
524.30
516.42
520.97
536.53
546.44
568.16
593.84
597.39
595.54
595.32
592.09
589.94
590.20
587.03
578.53
580.55
578.47
580.75
582.22
581.18
585.39
573.25
532.04
494.33
458.91
449.39
445.14
466.56
502.39
549.51
589.77
597.44
597.82
597.70
598.40
597.22
595.18
592.92
589.34
588.00
587.39
586.18
586.09
585.65
588.90
575.88
532.93
488.10
447.08
425.91
419.76
440.77
485.76
535.93
579.14
587.91
588.49
588.66
587.80
585.57
584.55
583.82
577.53
574.45
577.08
577.74
576.40
576.88
579.68
564.44
517.13
470.50
441.26
438.22
447.93
483.36
515.06
550.04
578.13
585.31
587.12
586.48
583.71
581.63
579.14
578.11
573.00
571.06
572.92
574.83
576.54
577.71
582.80
581.52
559.16
536.28
523.48
536.75
545.95
559.75
580.10
594.85
602.02
603.39
602.21
601.13
599.57
596.99
593.83
592.40
590.66
589.25
589.59
588.24
588.14
588.24
590.87
586.72
556.25
523.85
498.25
482.76
476.93
496.15
528.11
563.33
597.55
603.83
603.52
602.13
598.39
595.19
592.33
591.14
583.36
582.48
583.18
583.34
585.23
586.32
590.66
581.02
538.50
493.22
453.48
441.88
442.14
474.25
513.13
558.50
592.86
599.62
600.80
599.89
597.27
594.94
593.01
591.11
586.56
585.27
585.84
586.39
587.32
587.51
590.99
579.13
531.85
479.60
439.29
421.70
412.06
443.72
485.98
546.76
589.91
597.32
597.24
596.16
593.37
592.41
591.80
591.20
585.19
583.84
585.00
583.99
586.01
589.63
593.46
583.32
540.67
495.47
447.59
421.70
414.36
449.09
493.08
551.67
592.68
598.27
600.42
599.60
597.82
598.53
595.18
593.63
588.00
585.39
586.58
587.69
588.37
587.58
587.00
570.14
504.74
430.55
373.86
344.05
343.02
374.64
436.67
516.14
577.77
589.57
591.36
591.94
590.53
588.45
586.03
584.78
579.89
576.93
577.14
578.61
578.48
579.13
579.26
569.33
534.53
481.08
436.64
420.23
434.88
454.93
501.56
547.16
581.56
590.35
591.34
589.91
588.10
585.64
581.24
578.81
575.13
574.05
575.91
578.38
582.15
583.66
588.61
579.31
527.83
471.99
424.02
399.78
394.03
430.98
488.83
551.36
595.25
602.11
601.31
599.85
595.90
594.18
590.36
588.00
579.57
575.43
576.73
579.03
579.88
581.27
583.94
582.34
569.52
555.00
533.40
519.26
496.35
503.34
519.39
547.76
585.64
592.65
592.93
589.84
586.20
584.28
581.06
579.00
570.54
570.45
572.70
574.74
575.37
577.63
581.92
575.62
544.60
514.50
473.78
458.53
453.45
472.40
506.54
549.07
582.45
588.76
589.07
588.41
586.82
584.87
582.11
581.27
575.42
574.45
574.49
575.83
577.03
579.92
584.37
579.09
541.41
503.15
463.23
447.09
440.14
461.73
497.96
545.41
583.06
591.55
589.96
589.20
588.00
584.70
582.58
581.78
577.29
575.75
576.71
577.34
576.88
576.18
583.48
580.10
548.44
509.88
472.08
462.54
468.54
485.57
511.55
548.63
582.52
588.71
586.73
585.50
585.42
583.66
582.17
581.95
577.63
576.72
577.30
578.01
575.75
574.64
577.57
578.14
563.42
551.72
546.35
550.39
553.12
556.80
565.05
576.22
585.65
589.82
589.55
587.57
583.89
581.25
576.69
573.81
570.13
566.16
564.74
564.95
564.85
563.95
565.44
560.14
521.27
474.24
441.70
424.02
431.26
446.92
481.52
530.45
570.32
580.91
582.31
582.09
580.92
579.22
576.11
575.11
571.96
571.69
572.49
572.25
574.47
578.10
586.89
584.54
548.66
514.56
484.71
473.50
469.56
487.63
514.89
555.53
589.92
597.76
597.40
596.33
593.46
591.11
587.02
585.06
582.54
582.11
581.40
581.46
581.00
584.53
590.02
585.76
549.27
514.46
480.24
460.45
455.15
477.42
508.39
551.25
586.04
594.43
593.25
592.37
592.53
591.19
590.07
587.08
578.38
576.46
576.25
576.88
576.57
579.30
585.43
583.47
568.21
542.31
509.95
496.83
498.55
523.37
549.36
573.12
590.36
591.90
591.04
589.76
586.79
583.49
580.98
578.60
574.46
570.39
570.88
570.98
571.39
572.74
576.19
576.77
570.21
564.18
545.62
533.21
513.72
522.63
537.96
565.24
584.59
588.36
585.58
581.97
578.71
575.44
571.73
569.94
563.34
563.31
564.10
564.20
565.17
566.53
572.59
569.63
536.15
498.35
466.84
453.39
447.35
469.63
501.67
545.44
581.40
588.74
588.94
588.03
588.88
587.67
580.10
577.93
572.41
569.77
570.16
569.71
569.78
569.75
571.70
567.54
537.91
504.27
473.51
450.24
440.67
457.00
487.66
528.53
565.77
576.10
576.54
575.83
575.95
575.04
572.65
571.87
567.56
564.02
563.77
563.12
562.61
562.03
564.12
558.01
510.88
454.28
406.76
382.40
379.12
401.13
446.62
512.01
560.92
573.79
575.46
575.91
574.09
571.68
568.20
566.59
561.54
560.90
561.89
562.89
563.98
568.37
574.12
573.43
538.61
490.20
449.46
431.23
424.62
448.42
486.26
535.78
578.65
588.15
587.92
586.33
584.50
583.74
580.11
579.52
574.42
572.38
572.52
571.50
572.34
574.91
579.52
576.65
536.30
482.23
436.38
414.51
407.93
437.54
478.55
531.51
576.46
587.74
588.24
587.27
585.37
584.74
582.75
580.38
573.01
571.32
571.45
572.02
572.27
573.74
578.35
573.98
536.33
487.95
435.64
404.76
399.34
431.86
474.67
528.43
570.46
580.11
579.96
578.02
576.66
573.95
570.71
568.62
562.30
561.25
561.32
559.20
558.12
558.56
563.41
558.43
508.13
443.20
388.31
368.08
365.10
390.31
434.82
501.17
554.83
571.22
571.28
571.39
571.45
568.26
565.20
562.42
558.00
555.98
557.71
557.46
556.47
557.55
561.99
559.18
514.68
455.35
400.78
373.35
370.32
394.14
443.89
504.80
554.03
571.73
572.43
573.23
573.17
570.11
567.94
567.29
563.09
561.61
561.99
562.02
561.35
561.64
563.08
559.12
511.65
454.38
402.07
370.66
365.71
377.11
417.96
491.20
550.20
572.44
571.99
572.58
571.72
570.30
569.69
570.93
566.73
563.31
560.86
558.92
556.89
555.73
555.15
548.40
487.55
