316.43
309.14
313.05
322.72
325.15
322.06
319.81
296.54
303.79
316.45
331.50
313.18
311.53
323.77
327.44
309.53
283.51
273.25
279.51
291.41
299.97
306.34
298.81
302.24
289.86
298.22
306.86
305.91
310.95
304.92
290.90
274.59
270.17
267.01
278.38
278.55
285.70
285.91
296.03
278.40
266.79
251.57
256.66
271.13
290.96
308.93
307.82
321.38
317.80
307.47
311.95
311.80
313.75
314.10
301.91
293.40
289.13
278.45
275.34
279.38
291.54
289.67
305.69
290.65
285.07
270.54
279.55
278.75
280.02
295.58
310.36
322.82
328.28
324.98
317.49
312.87
316.91
315.00
328.52
303.56
290.12
304.07
314.13
316.17
321.69
330.54
321.09
319.14
307.66
298.23
301.77
313.92
331.81
337.97
344.30
343.06
341.86
339.63
342.49
350.03
347.12
352.54
342.07
323.00
319.02
319.20
317.12
314.03
322.11
330.97
330.75
324.21
309.16
307.41
312.99
318.41
326.99
342.92
341.69
355.60
364.72
366.85
368.47
371.22
373.49
366.35
357.97
351.07
343.51
339.83
332.42
325.38
326.66
332.40
333.34
321.27
303.51
303.01
305.06
317.79
326.96
341.81
359.53
340.25
339.72
340.30
336.67
326.76
333.68
341.83
328.08
308.34
302.45
302.21
303.72
310.87
315.43
315.13
318.69
316.10
311.94
312.85
316.29
314.22
321.80
335.81
346.10
344.28
345.13
352.93
358.00
354.39
351.94
337.34
325.88
325.82
317.21
312.64
311.05
305.00
304.92
311.18
321.70
323.60
321.15
323.48
328.11
326.43
332.43
341.25
339.17
331.86
331.46
326.15
329.64
330.48
334.45
344.24
337.36
335.41
309.14
303.27
303.06
302.64
315.36
333.91
339.25
324.51
308.76
299.10
299.42
314.39
318.94
322.38
332.21
342.77
344.86
344.29
342.62
349.05
352.13
351.16
350.76
335.89
338.46
339.17
345.66
340.08
336.84
342.97
350.50
346.91
327.88
324.78
326.12
336.80
351.30
351.31
359.29
367.66
364.88
368.70
366.42
371.16
377.75
371.29
349.25
336.34
326.06
323.55
324.10
326.32
333.43
341.04
348.93
343.68
335.61
334.74
335.25
352.85
359.69
365.95
364.71
344.00
352.66
362.74
361.82
356.65
341.32
342.96
341.04
326.59
314.18
308.02
303.99
315.74
316.02
323.42
334.43
332.72
327.07
325.98
328.16
340.74
343.52
342.27
337.23
331.23
336.18
329.04
335.50
336.85
326.81
324.41
324.31
312.54
305.47
293.70
287.16
282.70
284.84
295.99
310.43
322.65
314.48
311.25
312.60
320.86
313.02
321.13
320.35
342.34
348.88
352.47
357.71
349.78
347.83
340.62
342.60
329.34
311.06
304.46
305.95
309.10
311.61
322.39
330.91
328.49
321.55
323.27
330.13
335.06
332.04
344.54
347.10
337.90
341.67
348.48
353.87
356.53
353.32
358.23
351.60
326.95
324.29
332.08
340.76
342.39
345.64
345.25
343.21
335.33
325.99
324.39
330.69
341.64
333.85
337.16
336.08
308.21
314.79
316.81
323.01
318.78
324.05
332.77
318.07
289.78
257.56
237.02
249.55
254.97
285.97
296.31
334.61
335.64
303.42
307.26
301.58
321.23
339.72
345.77
344.50
341.08
346.00
350.41
348.79
347.97
348.27
343.76
337.47
320.08
326.12
319.65
315.69
309.31
315.63
323.62
341.08
326.37
309.79
308.06
299.53
308.38
323.82
342.97
350.07
327.19
325.32
332.32
343.34
357.42
369.55
348.72
340.20
328.47
322.15
312.87
314.48
315.47
321.58
338.86
355.50
347.96
335.15
330.45
329.30
345.18
351.33
353.86
361.78
366.82
364.74
368.12
370.45
370.77
374.28
368.74
355.46
338.79
336.84
340.99
347.91
354.08
351.94
356.69
351.44
345.42
335.11
337.26
349.26
347.72
351.03
362.21
370.56
368.10
370.96
367.67
366.22
367.65
370.52
364.10
344.63
333.98
339.19
347.23
354.41
361.62
366.29
369.91
365.41
352.78
342.14
337.77
343.44
345.17
346.74
355.78
352.71
349.58
341.71
345.35
350.44
349.09
343.69
337.21
328.41
317.82
316.44
324.22
341.92
353.70
358.62
361.04
364.06
349.85
332.29
326.92
329.09
328.30
330.35
338.17
341.12
337.40
339.11
342.02
346.25
349.02
348.35
340.85
322.17
305.46
305.50
313.38
323.49
338.34
338.43
338.43
334.44
329.69
317.66
301.58
296.86
295.07
312.62
320.08
318.65
285.91
281.92
294.42
294.88
297.50
295.29
302.20
301.03
290.38
300.02
298.99
299.01
300.88
295.30
267.33
280.63
278.85
273.63
268.15
270.41
274.60
279.96
293.42
292.60
273.65
273.98
289.55
289.91
281.79
289.80
285.35
285.78
273.98
272.27
256.67
260.57
254.12
221.38
222.72
242.69
274.44
288.99
282.32
286.68
296.04
310.54
315.82
314.95
307.74
306.30
307.00
316.86
323.40
329.96
325.90
317.61
317.62
312.06
316.01
314.92
323.21
327.50
333.16
328.43
334.92
331.54
330.07
329.85
342.46
338.89
355.76
360.24
362.98
361.47
364.67
369.02
367.18
370.69
356.24
347.64
334.24
313.07
300.73
301.69
301.01
305.04
316.59
334.58
349.56
342.26
329.65
332.07
352.35
344.47
358.61
365.03
363.92
360.94
369.47
371.95
382.27
372.26
360.86
348.00
335.92
331.32
331.57
338.07
349.87
358.81
361.75
356.47
347.58
336.31
327.34
325.62
344.52
338.25
347.72
345.58
364.62
374.83
378.90
378.39
373.97
371.26
351.33
330.03
321.40
300.12
304.14
307.41
318.21
339.55
342.09
324.82
334.88
321.64
319.11
314.72
312.74
307.71
325.11
325.96
320.72
321.07
324.94
331.46
337.71
326.41
313.06
296.66
275.84
263.16
267.51
279.92
295.62
303.34
307.86
304.18
298.88
290.79
293.48
287.78
285.91
291.67
306.10
313.03
333.62
333.89
339.22
346.63
338.12
338.63
325.07
308.30
284.05
257.27
257.90
259.43
273.41
303.86
317.02
323.17
307.85
280.17
256.52
260.45
263.87
282.44
297.23
302.40
322.25
307.89
311.91
321.31
318.95
319.92
317.09
312.50
306.86
299.49
287.33
290.11
271.53
275.38
275.09
297.45
317.78
298.80
285.62
299.97
307.67
326.62
328.24
322.64
310.90
319.05
326.46
323.98
315.75
316.17
319.90
302.98
290.54
278.57
280.25
294.65
306.23
322.74
325.16
324.36
326.19
314.96
302.94
294.69
287.51
306.23
313.13
320.82
336.06
342.71
349.48
349.83
353.22
350.06
345.41
325.71
313.99
308.96
308.58
318.80
320.25
329.89
344.08
345.10
344.64
321.50
308.04
312.13
317.70
331.80
338.86
336.36
337.79
352.60
352.65
354.05
346.07
352.35
325.56
313.95
315.13
317.95
330.01
336.66
343.31
345.51
343.57
340.30
334.39
325.10
318.28
311.20
329.97
335.48
338.97
339.31
323.89
346.94
345.09
351.80
347.88
342.83
338.64
341.45
323.47
321.18
325.95
328.14
340.10
342.50
338.35
337.70
329.58
321.80
310.63
311.23
311.50
313.99
332.66
333.19
313.29
322.24
329.31
327.61
330.75
329.35
305.41
296.86
295.46
289.31
292.98
302.48
311.38
312.92
318.12
321.99
310.78
296.51
288.55
287.82
295.93
304.66
317.33
311.80
285.27
272.51
288.63
297.09
299.07
302.07
296.95
285.96
271.05
273.23
277.25
289.32
313.22
308.63
308.68
313.72
299.33
266.36
255.96
254.61
266.63
291.60
296.99
280.51
248.10
252.71
257.21
269.01
273.08
278.74
287.76
289.42
268.49
265.07
268.94
270.03
280.50
277.91
265.25
268.79
260.97
285.29
267.38
254.44
259.67
270.17
268.07
278.65
275.28
280.03
279.85
272.91
274.83
295.23
282.78
284.24
279.29
268.37
252.03
249.84
270.39
263.27
280.01
296.40
306.15
309.86
305.96
304.80
304.27
317.76
322.23
320.54
326.95
331.41
327.93
336.52
333.21
340.11
323.34
322.18
314.05
316.27
316.66
307.98
315.47
324.56
329.06
331.72
325.49
322.11
311.37
315.87
316.26
303.91
318.43
331.57
337.60
349.13
347.38
347.23
357.43
352.19
337.37
336.79
323.65
318.04
325.68
329.28
339.42
340.78
343.49
343.18
340.52
333.48
319.59
324.15
329.42
333.18
334.80
346.25
359.40
357.93
365.03
360.55
359.06
360.47
338.62
338.52
324.41
320.58
316.24
307.44
313.72
322.74
325.40
332.72
342.54
337.05
329.08
334.72
331.51
346.79
347.52
344.46
348.73
348.15
348.52
350.61
360.91
353.42
343.42
337.17
322.52
323.16
332.56
335.15
340.95
351.53
347.50
340.84
335.41
327.38
325.40
327.77
320.75
331.93
337.40
334.46
332.31
340.00
353.38
346.27
340.11
343.13
339.13
340.63
326.43
310.64
294.15
282.27
290.08
276.95
268.00
286.28
305.22
305.87
289.41
300.35
306.45
326.08
336.61
339.70
335.39
339.32
357.58
362.19
352.39
348.99
345.29
344.11
309.57
279.93
271.75
240.59
233.88
220.52
237.26
266.38
304.59
324.67
308.30
294.57
301.46
320.52
343.43
356.72
362.78
372.68
376.57
380.92
379.27
376.57
356.86
336.19
310.84
293.39
278.69
274.99
287.42
296.50
321.23
346.22
340.70
329.37
310.20
306.35
303.32
331.66
343.04
345.90
348.20
348.00
359.14
360.55
358.14
352.91
330.32
332.48
312.26
299.59
298.12
299.11
305.07
303.49
324.08
334.18
338.00
329.58
317.13
309.93
306.04
318.40
347.95
360.70
340.31
343.60
350.45
354.33
360.55
354.63
331.62
342.41
328.10
329.46
329.31
324.85
332.29
323.15
324.49
332.02
324.50
320.75
317.39
317.47
324.01
336.80
347.02
360.75
358.78
345.78
349.22
357.70
362.92
357.65
341.90
332.25
307.35
300.98
308.53
313.11
327.81
331.40
342.60
346.07
341.73
336.32
315.89
310.59
312.09
318.80
336.13
336.43
337.18
338.41
342.50
344.43
348.10
353.70
340.30
323.01
308.84
305.78
317.33
313.42
319.28
323.16
317.76
320.09
322.26
316.89
313.25
321.04
319.23
331.68
346.83
347.19
351.42
343.98
363.96
354.97
348.63
352.76
345.13
324.17
297.68
301.61
299.09
292.82
279.12
270.27
270.25
292.10
304.16
302.42
281.93
280.16
286.09
307.42
332.92
329.07
316.81
319.11
314.22
308.11
313.59
317.97
322.17
323.48
294.22
262.87
255.59
241.23
235.00
224.99
228.27
248.44
294.28
303.99
300.74
282.17
290.55
301.73
322.63
318.54
322.92
331.64
338.22
341.85
348.34
354.13
326.74
335.54
312.89
320.81
329.15
340.42
346.18
336.09
346.78
352.53
347.98
341.38
326.48
325.44
324.30
356.02
361.65
360.50
377.66
384.17
384.21
385.78
380.01
381.70
355.54
326.98
309.78
307.40
312.33
315.86
312.30
299.65
316.92
329.49
325.02
329.00
317.63
319.36
308.74
334.66
347.66
346.99
364.24
358.80
363.08
362.31
358.68
364.14
362.62
342.06
312.65
308.64
306.30
298.24
295.01
298.53
316.75
325.95
340.89
336.05
322.99
324.43
320.58
343.02
357.36
349.79
347.78
356.15
353.48
354.21
355.70
359.83
317.37
306.49
288.83
286.59
289.47
293.85
299.43
290.80
298.32
302.17
311.84
310.22
303.58
305.99
303.92
335.96
348.37
345.67
345.48
352.05
343.43
343.36
344.56
350.85
314.55
295.62
275.82
274.85
274.25
264.13
263.71
266.04
276.48
288.03
297.16
291.18
282.41
283.40
291.62
313.19
334.20
340.99
330.15
335.83
345.87
340.79
337.97
336.36
306.61
303.99
293.19
275.58
270.89
244.02
225.90
217.65
237.23
262.02
307.84
301.01
288.13
277.66
280.95
306.58
318.15
317.68
304.50
298.00
270.85
279.72
277.09
291.26
281.09
242.27
213.41
181.66
157.95
173.93
185.47
186.44
199.70
220.41
237.09
278.99
303.34
302.01
300.66
310.33
326.15
318.35
317.19
324.67
336.91
341.88
344.32
349.51
331.59
303.27
268.80
271.61
268.59
261.32
263.84
259.54
277.10
280.00
288.45
294.71
291.64
287.57
299.03
327.32
325.21
333.58
315.12
313.89
313.25
333.89
346.69
346.18
318.22
297.19
276.68
278.10
265.76
253.28
253.81
249.64
263.34
279.77
300.19
311.87
304.74
293.40
290.48
301.53
325.61
335.07
335.97
337.89
347.92
344.43
350.89
346.03
312.89
293.27
284.81
290.55
293.12
284.61
290.33
287.38
299.41
313.08
317.58
310.11
309.25
301.58
300.26
326.13
343.41
348.95
349.54
358.10
357.75
366.53
369.56
364.60
321.37
314.53
291.65
288.13
286.72
284.75
286.58
295.86
310.30
312.25
319.33
313.15
307.03
308.35
303.36
326.40
340.12
342.53
332.70
337.94
340.93
334.23
339.84
338.35
333.75
317.31
302.98
296.34
292.76
282.64
285.35
288.69
302.43
316.61
317.10
318.29
308.68
299.27
309.54
330.05
338.63
338.82
302.68
333.58
336.67
335.71
331.88
329.41
313.46
296.34
267.21
277.67
275.48
262.27
262.82
245.14
245.31
264.95
278.63
291.80
284.02
289.80
303.77
324.37
337.66
335.59
309.27
332.33
346.31
341.55
328.98
320.61
318.49
307.42
273.54
247.12
228.36
207.93
215.11
210.86
227.90
260.13
278.21
303.80
309.35
291.25
286.98
313.37
331.34
339.27
352.43
353.96
358.57
361.84
372.19
373.24
320.42
308.67
293.42
291.76
292.45
278.50
289.41
282.29
289.47
306.81
312.45
320.19
314.61
310.11
309.37
331.17
333.92
347.31
364.50
365.95
362.35
357.32
350.12
360.99
336.78
325.07
309.25
302.96
306.92
307.02
308.23
317.45
329.54
337.20
342.06
335.67
314.51
316.44
328.49
341.21
350.85
353.04
338.13
342.99
342.19
345.09
349.50
341.50
332.64
309.49
292.33
280.06
275.96
281.32
279.55
268.03
289.86
304.11
313.05
326.28
313.24
301.77
307.09
331.13
342.45
336.81
333.07
326.05
323.62
329.56
327.47
336.67
311.39
304.68
298.15
302.19
311.49
317.47
319.33
323.64
339.99
328.77
326.37
325.19
312.13
309.34
296.28
317.98
343.13
326.14
312.78
319.10
331.00
330.38
334.76
324.73
307.60
291.31
278.18
271.10
279.49
285.30
285.26
274.19
286.34
283.48
282.10
296.72
290.42
277.23
268.82
295.24
310.95
301.85
262.69
264.78
275.95
281.87
283.30
295.72
287.32
266.29
229.94
208.56
194.58
186.51
184.03
176.69
189.92
214.04
225.03
234.63
236.97
239.07
241.88
265.48
265.86
270.23
238.15
241.98
251.68
258.55
257.59
255.72
255.11
245.12
221.52
213.15
213.96
202.28
217.49
202.31
213.88
228.68
224.69
257.25
269.43
260.76
263.25
281.16
299.03
311.12
305.37
307.37
306.19
320.21
319.66
325.79
308.59
267.92
255.86
246.46
236.00
226.71
230.86
239.27
246.49
267.13
279.06
298.64
300.67
294.46
291.39
309.72
324.58
324.61
314.68
310.20
318.07
324.32
323.86
340.58
312.35
290.09
251.96
235.85
241.23
232.69
234.95
236.27
256.80
266.19
277.08
280.17
274.36
279.93
277.24
304.40
311.79
313.39
323.34
318.88
331.09
332.14
335.26
340.19
315.48
289.13
262.63
257.12
246.83
250.65
252.45
256.92
271.15
276.09
288.49
294.74
284.37
285.51
283.47
303.28
329.40
338.98
342.20
349.52
345.84
345.32
346.12
346.44
337.92
310.61
287.67
283.45
278.93
283.76
288.47
291.53
302.86
308.24
307.34
313.33
307.73
313.01
312.69
325.64
345.85
352.22
362.16
359.70
359.35
356.47
353.27
354.91
349.30
323.82
298.78
295.25
307.55
314.45
316.78
312.45
321.12
314.85
321.74
317.38
318.78
311.54
319.80
318.79
347.73
361.45
341.23
356.72
351.63
359.65
362.29
363.65
339.08
303.92
260.57
242.20
220.18
229.42
249.21
243.24
255.10
280.19
300.73
319.30
313.92
303.66
307.65
331.29
347.34
332.80
320.56
306.39
312.81
317.68
315.93
328.40
323.12
277.02
252.97
234.41
222.94
213.90
215.07
186.01
205.97
247.80
279.36
285.20
284.74
282.70
271.80
301.40
318.98
331.59
317.59
310.93
317.71
316.39
328.74
342.21
320.25
295.97
283.08
278.93
274.48
274.51
285.59
279.33
286.71
303.78
316.29
333.95
320.61
314.83
316.71
343.67
356.22
367.64
371.01
371.10
372.87
367.58
367.43
376.82
351.70
322.38
299.74
293.41
279.74
282.15
287.12
287.75
292.63
307.14
310.69
320.52
315.97
308.41
306.14
318.58
348.51
363.74
358.34
356.73
365.84
362.17
355.67
361.35
339.45
301.67
279.97
284.80
281.31
276.74
278.31
270.83
274.90
287.50
309.91
320.14
315.67
299.73
307.14
333.30
348.21
350.10
344.41
344.02
352.12
345.02
351.17
355.92
321.77
287.31
268.50
270.00
273.85
277.29
270.86
266.24
283.39
297.41
301.63
307.94
302.41
295.83
296.22
309.58
333.72
330.92
344.52
358.42
363.28
359.28
356.58
352.55
338.84
316.60
288.84
269.04
253.51
250.98
243.44
256.47
269.22
289.96
301.72
312.67
307.81
295.11
309.57
309.33
319.10
338.97
330.91
338.07
331.33
322.88
322.14
331.99
335.87
313.81
297.26
287.48
299.29
309.54
307.42
284.39
290.22
312.87
301.03
302.58
287.13
282.82
306.60
305.91
310.76
327.61
316.39
307.92
322.67
323.58
332.25
328.57
316.99
292.44
257.75
239.37
216.36
195.54
182.88
182.43
198.92
217.47
245.85
260.27
285.60
283.24
293.41
322.83
329.47
321.35
331.50
332.01
327.05
330.83
350.42
322.58
306.32
286.50
278.27
274.70
270.64
265.84
254.91
267.04
268.53
285.34
298.41
299.79
297.46
303.78
325.42
347.80
338.55
332.13
329.21
316.06
322.40
311.05
319.79
313.86
282.95
265.00
261.16
264.46
252.08
235.94
219.86
233.75
241.46
249.97
280.28
293.70
272.44
287.85
311.36
338.56
336.94
319.42
320.95
309.64
300.72
299.71
318.17
307.39
296.67
275.45
269.81
263.06
242.08
235.23
231.67
228.77
252.14
254.39
255.60
259.78
258.62
268.88
278.83
306.56
302.71
303.30
301.87
299.91
293.23
291.35
291.86
292.83
281.17
267.30
262.55
251.78
243.89
229.31
211.43
223.93
235.68
241.27
263.53
269.52
264.58
261.97
272.16
289.29
295.06
274.38
273.02
260.92
281.93
284.48
289.01
263.90
244.54
216.41
200.50
200.27
192.60
182.77
166.15
168.28
175.32
182.82
212.07
222.81
230.20
239.56
236.76
238.73
238.31
227.66
212.15
202.71
197.54
200.09
210.47
206.34
206.07
202.40
200.80
185.49
187.69
202.55
196.61
187.43
205.96
208.64
221.71
228.20
226.41
229.93
234.74
257.42
258.79
219.37
218.12
208.22
210.25
209.05
217.33
206.46
206.41
198.43
173.61
152.69
147.53
139.93
130.52
137.85
150.75
159.33
159.99
196.46
222.54
234.30
251.51
269.99
270.00
254.22
245.29
240.40
243.25
260.62
278.74
276.35
270.51
241.40
207.10
184.65
163.17
167.72
153.17
159.68
184.70
189.83
210.82
229.00
236.86
246.04
237.02
235.58
230.11
231.48
214.80
212.87
220.27
236.06
258.11
261.43
261.93
253.84
253.35
255.86
262.01
268.65
274.14
272.89
273.20
278.04
282.70
288.41
288.79
282.17
296.00
311.26
312.20
314.35
321.69
337.65
335.38
335.39
341.08
314.03
299.05
287.92
279.63
267.19
273.18
282.84
286.54
305.18
294.42
290.08
302.77
308.67
308.51
299.70
312.78
321.08
329.95
323.60
336.02
339.56
340.99
344.90
338.15
318.36
296.69
279.61
274.13
265.88
268.00
260.30
255.24
263.08
265.42
272.82
284.72
311.00
293.46
297.29
300.78
323.37
324.79
317.15
329.13
335.62
342.26
340.17
340.44
305.91
293.69
274.34
269.01
274.00
272.97
272.85
267.64
268.93
279.66
285.52
293.49
303.83
296.34
287.86
297.82
316.42
327.63
331.57
309.44
298.50
299.37
306.19
312.09
320.25
327.98
299.31
283.04
267.30
271.11
295.25
295.53
290.29
302.98
318.42
333.45
308.13
295.74
285.23
300.14
323.55
341.80
310.23
315.76
316.06
302.07
289.30
291.09
291.41
278.70
269.94
262.38
256.65
264.98
257.23
231.43
221.60
237.94
237.66
253.46
263.29
245.36
241.07
262.91
288.73
309.78
295.01
303.85
307.06
300.68
309.30
323.59
314.93
307.19
305.06
303.14
307.83
310.94
305.31
305.19
319.13
315.72
313.31
322.23
321.65
304.15
300.70
299.91
325.16
336.31
326.45
341.71
342.27
343.70
333.57
342.79
329.19
311.71
306.97
298.20
293.68
297.32
304.47
300.99
306.53
312.60
318.76
323.55
326.90
314.37
309.67
319.93
331.00
354.36
336.35
347.93
353.48
353.80
355.24
352.73
333.85
320.79
304.47
285.21
275.66
284.40
291.30
304.93
307.08
298.34
316.12
319.14
319.80
327.12
319.75
331.05
348.78
356.81
366.29
363.89
368.45
369.91
372.01
366.66
348.90
332.30
319.73
313.42
314.03
313.96
336.12
324.75
322.09
319.54
326.34
330.54
333.25
337.81
323.86
327.93
345.87
358.06
339.99
345.38
341.55
328.25
326.07
328.08
315.75
305.63
289.02
278.55
285.01
286.89
297.75
294.99
297.64
300.32
303.02
313.98
322.99
319.24
317.96
315.79
330.87
349.18
340.05
350.23
349.11
348.43
343.41
357.49
363.17
343.30
305.02
272.86
255.61
236.10
225.03
217.41
219.10
247.18
284.08
293.84
296.79
306.44
302.80
297.18
315.97
331.24
337.33
354.13
354.63
349.92
354.29
357.29
355.51
340.68
310.22
279.15
274.86
267.19
273.85
262.81
266.81
279.70
313.91
320.95
327.04
328.30
317.26
326.03
338.33
344.67
339.20
370.71
375.73
381.42
382.65
377.56
360.48
332.92
317.99
303.78
298.83
300.53
309.32
308.63
313.57
318.60
330.33
339.05
345.06
341.76
344.31
342.13
352.80
372.01
396.59
412.93
412.30
413.96
413.31
404.19
379.17
349.30
323.09
310.09
307.93
305.94
305.38
308.58
309.45
317.48
335.78
349.23
345.61
338.67
339.55
356.01
371.52
393.06
394.33
392.67
393.63
386.72
384.86
388.41
357.14
338.49
318.90
318.15
316.36
308.19
309.45
309.89
316.51
321.93
336.42
343.47
347.53
346.80
345.22
357.24
376.10
393.49
397.49
393.10
391.51
385.69
378.26
381.94
372.69
362.08
337.18
327.11
321.43
311.73
316.11
294.64
288.85
291.88
310.46
331.64
337.49
327.07
320.42
342.60
351.67
363.22
378.52
370.55
368.01
364.00
363.09
371.21
352.61
332.42
299.22
296.16
286.64
270.79
258.39
250.28
255.00
264.21
279.91
303.26
334.89
325.90
323.43
334.86
351.88
346.63
319.61
316.03
308.78
307.47
306.00
308.90
315.83
309.31
281.62
261.09
248.45
231.82
207.01
191.05
197.66
216.69
243.87
256.76
240.74
222.56
239.00
252.78
269.94
292.17
262.97
278.73
285.69
282.33
271.49
280.61
268.79
254.67
208.36
186.21
184.64
181.14
178.08
171.33
164.01
182.79
199.50
212.45
234.67
235.41
231.06
240.36
270.16
279.30
295.73
285.61
286.11
299.61
318.27
322.73
323.04
299.25
274.11
277.17
288.12
300.60
305.02
310.14
311.09
314.64
308.95
307.53
302.95
295.73
298.05
307.96
327.98
315.14
312.44
316.24
312.19
316.93
316.90
324.74
309.49
293.31
281.27
287.52
284.88
287.89
296.03
303.38
299.28
309.13
318.94
321.53
311.87
296.26
290.84
309.22
326.62
336.04
329.95
319.02
319.83
312.27
316.87
329.41
313.95
299.13
287.00
279.28
274.10
269.61
277.35
291.24
301.49
311.24
324.54
331.14
325.87
313.14
307.38
323.81
334.21
333.68
318.93
304.29
304.91
297.05
293.41
301.69
322.53
299.35
284.59
285.16
300.96
303.87
306.06
310.28
318.43
326.68
310.88
313.22
308.92
294.84
291.96
301.68
314.58
330.36
345.04
329.80
313.97
306.63
313.16
329.41
331.01
309.12
291.29
285.75
288.79
294.00
306.98
296.72
289.07
289.65
296.24
308.89
304.57
279.92
281.78
294.70
306.78
308.88
287.79
288.03
281.08
277.36
278.23
259.34
244.01
231.09
223.51
214.62
210.76
206.12
217.39
218.19
241.90
254.58
242.68
241.66
228.84
223.17
214.15
218.32
219.60
225.26
210.76
195.23
217.39
220.95
205.22
198.54
206.21
187.49
172.58
156.78
150.06
152.94
154.67
152.23
143.64
153.31
171.94
185.12
191.28
213.42
217.12
223.21
237.14
243.46
237.62
239.33
250.89
250.42
234.98
254.27
261.85
241.19
237.49
226.84
220.20
215.98
201.33
200.84
205.44
209.27
219.53
236.07
256.89
256.82
259.81
270.22
288.25
294.61
299.43
301.74
300.76
299.72
313.78
313.37
271.64
247.12
242.64
235.90
236.04
233.65
220.27
228.30
245.30
250.57
264.37
266.03
274.34
268.90
260.53
279.85
282.96
291.19
276.64
273.63
263.61
262.69
271.14
289.13
283.43
242.73
230.45
225.69
237.20
235.83
224.10
232.01
241.68
252.48
245.41
245.99
265.92
263.20
259.95
276.08
280.59
303.52
293.31
296.13
283.68
280.17
279.62
292.28
277.12
252.36
252.44
256.05
246.23
246.85
241.02
231.04
251.78
252.38
271.46
277.23
280.20
273.21
276.25
278.77
278.11
308.16
286.36
289.74
269.71
271.32
275.27
274.03
256.41
241.82
234.78
231.06
229.34
240.62
238.13
226.45
244.28
248.36
260.15
265.96
266.14
257.49
250.01
252.19
263.08
282.39
273.15
248.63
234.22
231.63
241.00
250.45
260.19
256.09
229.15
218.35
203.96
203.53
198.35
175.39
179.78
193.57
202.53
218.10
235.69
247.57
251.17
263.69
270.00
245.68
263.65
265.57
245.79
244.29
249.27
269.42
258.51
241.91
206.30
194.97
180.99
163.32
159.99
144.34
156.73
174.72
183.08
206.24
212.70
217.24
228.70
239.68
255.38
243.05
215.42
212.42
210.28
210.52
216.74
219.66
237.61
239.81
226.74
216.92
211.46
214.19
228.26
220.14
225.29
232.88
243.49
244.00
245.42
246.86
254.62
250.34
253.85
261.36
251.44
229.37
228.18
222.12
231.65
243.60
243.65
237.87
233.74
240.78
239.89
244.12
257.90
260.71
269.28
267.74
262.88
263.24
265.96
265.39
256.65
251.50
237.26
208.70
207.94
211.44
209.10
213.00
209.30
224.82
234.77
230.81
238.70
228.31
218.93
218.53
208.72
196.10
200.85
214.46
233.85
225.67
228.39
238.78
238.41
234.24
230.58
211.32
155.92
153.55
167.12
163.83
157.60
174.54
184.96
186.20
197.56
193.25
178.24
184.77
193.79
184.82
183.71
180.82
197.12
199.98
204.19
212.70
213.33
206.20
195.91
186.26
194.27
179.04
158.86
163.14
169.77
181.84
183.48
188.14
187.14
182.80
178.08
167.99
157.94
171.66
204.23
202.87
199.25
189.59
188.31
185.57
188.30
192.35
198.63
179.70
166.11
171.07
154.95
163.93
161.59
152.60
165.23
159.85
147.80
122.24
114.15
114.79
121.75
123.26
126.63
133.71
159.03
163.48
167.75
185.03
185.13
180.72
164.92
169.43
150.49
148.92
159.68
163.56
160.89
158.64
149.67
146.10
143.44
130.37
131.65
147.44
166.03
165.10
153.35
154.15
152.39
167.77
171.21
178.10
168.05
175.61
173.52
172.31
152.51
164.80
164.57
170.51
179.00
175.57
203.38
196.12
188.45
200.57
195.83
181.10
176.80
181.51
179.13
187.36
183.11
217.23
224.56
223.26
219.25
228.77
235.47
242.57
218.29
212.70
221.18
228.76
234.32
230.03
212.84
207.62
193.90
190.67
180.19
174.28
181.07
168.38
177.37
188.26
186.56
206.69
209.24
202.99
201.70
206.19
213.79
210.21
204.24
184.64
185.60
192.57
185.20
187.87
207.65
186.37
187.49
183.19
175.76
174.19
176.18
174.32
181.53
193.09
199.39
208.08
205.45
211.33
210.13
218.08
219.91
220.06
204.84
188.61
208.48
214.32
216.38
220.32
233.77
223.87
200.89
188.73
178.29
177.29
177.20
156.41
167.76
178.43
177.46
179.27
218.70
212.90
209.97
227.52
232.52
224.74
224.62
245.78
249.56
251.33
253.85
248.31
232.23
209.24
209.65
209.86
206.03
197.57
178.60
169.33
196.44
211.13
204.53
220.68
220.97
218.26
208.95
218.24
225.38
221.04
208.25
195.74
185.91
170.05
176.48
174.93
182.28
176.33
180.14
178.66
172.34
171.36
162.94
148.61
152.86
166.44
143.56
150.90
153.32
155.64
180.87
183.12
176.19
177.66
204.03
194.33
194.61
202.03
196.60
211.31
209.44
178.42
159.39
144.39
128.37
134.19
135.37
131.25
141.79
129.66
152.82
167.57
179.61
206.35
215.96
213.79
222.12
211.54
197.58
197.64
201.65
190.59
206.24
211.38
221.09
234.10
229.89
235.51
253.58
264.75
266.03
265.13
268.87
261.69
267.69
269.13
259.83
253.36
251.63
253.84
254.83
219.18
208.76
201.69
195.16
207.70
218.97
236.43
242.39
223.00
210.92
203.32
195.17
192.25
180.47
177.81
177.43
195.17
195.48
205.78
226.48
229.43
233.62
233.17
246.67
257.73
249.81
249.16
256.44
266.65
265.01
261.08
241.66
224.69
207.33
207.31
201.56
208.84
204.23
199.47
204.24
213.01
224.53
220.45
243.18
241.19
239.34
241.32
246.60
263.34
271.61
282.74
277.72
280.75
288.15
283.07
257.17
234.22
222.28
219.29
224.90
220.19
217.54
218.24
216.79
215.98
221.10
225.78
222.84
222.60
220.77
229.07
246.80
252.60
266.60
267.53
260.70
258.49
257.78
264.15
250.53
227.28
206.87
204.02
205.67
189.71
180.91
176.87
179.15
192.72
201.40
212.14
219.47
232.36
227.36
228.06
236.95
245.43
230.26
223.39
220.64
221.00
216.73
211.92
206.85
205.69
189.39
177.98
167.47
166.15
166.93
141.15
138.63
153.14
150.79
179.88
189.43
192.35
197.24
208.62
216.69
196.25
195.99
203.07
193.58
204.08
236.90
249.58
235.02
183.50
156.32
129.44
118.81
134.99
146.58
133.14
125.80
139.76
154.85
160.07
181.58
195.26
204.10
209.75
225.35
210.19
183.33
184.99
200.10
199.95
191.96
202.72
202.99
194.23
177.12
191.92
188.55
175.14
160.44
157.83
168.92
178.84
185.31
191.63
223.53
224.12
221.64
229.25
223.35
227.91
212.57
202.55
202.82
206.89
203.67
221.96
227.98
213.84
205.33
209.20
203.49
174.08
171.80
175.78
192.69
205.78
208.28
221.22
234.29
231.82
229.00
248.00
254.74
246.61
246.57
251.03
233.73
242.84
253.94
253.05
252.84
240.26
228.37
209.60
174.31
168.33
157.02
158.47
157.92
161.15
179.16
197.62
204.20
230.25
240.36
242.19
256.49
247.94
229.13
237.95
233.61
237.02
238.64
238.98
248.48
250.12
232.43
226.94
221.41
214.04
200.98
202.38
208.14
218.66
222.44
234.77
237.14
239.01
244.86
253.80
257.46
269.49
272.12
266.29
261.67
239.23
240.89
243.39
251.27
235.27
219.10
215.29
213.52
205.13
205.81
201.92
207.25
211.47
212.37
222.33
233.87
227.82
235.76
236.08
246.77
244.68
229.15
230.01
224.65
230.24
236.62
227.99
215.04
200.88
175.26
167.10
166.91
172.51
144.85
138.22
142.90
134.72
144.29
156.65
178.19
187.37
188.82
195.71
191.54
182.58
180.40
164.48
163.75
157.85
168.99
190.10
175.60
165.03
153.48
132.19
127.05
124.33
122.42
129.60
135.31
128.82
148.68
161.10
159.61
172.30
188.73
192.01
195.56
197.45
193.85
204.00
208.61
199.86
201.67
227.70
221.72
234.86
217.57
214.44
202.22
211.77
212.66
200.46
205.56
221.63
225.45
224.04
222.93
225.56
227.82
233.87
248.76
243.75
247.91
233.32
232.62
237.06
242.02
246.05
231.95
244.23
228.29
222.90
219.28
221.70
216.19
212.05
214.89
210.60
210.93
212.18
219.37
224.70
231.64
237.90
239.50
229.95
236.32
220.38
217.33
225.57
234.22
249.72
242.24
240.97
224.26
216.57
215.78
203.76
195.48
194.38
199.41
207.11
220.15
218.13
223.99
229.50
232.81
231.64
228.76
233.70
228.67
229.98
218.37
214.22
206.30
217.41
217.65
210.80
202.04
201.04
190.86
180.64
175.15
169.42
183.13
196.90
195.11
209.12
221.53
227.59
233.72
235.86
225.05
229.41
233.45
234.48
223.83
218.47
224.75
235.46
217.68
216.89
208.32
204.59
204.17
199.65
196.02
192.02
202.03
199.08
203.28
201.87
211.50
218.60
222.18
227.19
225.71
222.34
194.76
185.86
183.44
184.66
188.98
187.65
198.15
170.89
149.71
164.47
156.56
155.96
143.30
142.71
149.49
151.70
151.73
166.91
177.77
190.36
195.90
200.89
203.06
195.72
189.46
199.04
179.92
158.55
161.24
185.59
183.35
140.18
122.16
103.43
95.15
101.74
121.51
102.28
101.03
103.04
110.69
128.83
139.35
165.11
180.08
192.65
192.36
191.74
200.35
189.43
189.70
188.18
183.08
191.82
202.47
208.00
200.15
190.36
178.22
184.08
185.64
186.15
189.25
195.24
203.70
212.60
217.81
229.68
231.68
234.63
233.95
241.90
238.76
239.96
236.06
231.04
233.77
235.27
229.70
229.38
216.74
207.50
206.32
198.99
188.83
186.70
196.40
197.80
204.55
234.31
242.42
251.73
257.10
266.99
264.50
255.72
262.21
252.48
251.75
249.55
252.72
254.00
249.92
245.75
239.53
238.57
237.35
243.50
233.39
226.81
234.20
235.22
240.31
242.34
252.34
260.69
264.71
262.78
262.66
272.51
260.30
263.80
261.42
259.77
262.90
264.28
267.85
257.74
248.35
240.56
236.54
234.69
235.78
229.33
233.53
235.82
234.36
240.66
245.77
247.26
249.45
254.10
259.16
257.90
263.99
261.42
258.45
256.28
254.69
258.48
255.22
251.22
238.67
229.53
233.90
235.75
223.74
219.26
223.53
230.04
232.78
233.14
238.73
247.60
250.10
248.93
262.04
246.09
209.23
212.40
210.30
193.22
192.53
187.82
189.35
201.14
188.85
184.89
177.34
168.93
173.68
170.02
163.90
172.84
177.49
190.58
198.79
196.11
195.81
198.37
218.08
215.69
201.71
188.90
187.13
168.50
164.81
183.50
173.28
165.57
157.23
152.91
154.69
147.68
150.89
139.70
150.01
155.73
161.90
173.53
191.12
214.14
224.12
221.55
227.34
222.65
210.11
202.56
204.24
208.09
218.51
225.48
236.72
238.71
238.02
233.08
229.65
242.61
244.12
246.30
241.59
245.70
244.88
240.77
240.45
243.25
244.48
248.27
251.21
237.01
232.94
236.00
239.74
244.54
240.95
243.55
257.32
256.34
240.03
237.91
234.48
229.73
232.21
231.56
229.25
230.82
237.18
244.94
250.27
251.78
253.94
248.69
250.37
239.87
237.32
251.36
243.14
250.17
252.35
263.99
270.10
255.89
251.43
244.01
239.46
239.75
242.94
243.85
257.51
259.91
267.91
268.44
257.44
256.35
270.34
267.48
263.37
258.65
252.68
248.18
246.75
255.32
264.78
270.47
272.45
252.64
245.16
236.47
228.35
227.38
236.82
239.00
241.44
238.18
249.21
257.49
262.18
264.66
262.50
257.90
257.51
247.64
230.18
229.33
235.33
245.13
248.02
241.69
252.87
248.41
224.90
214.06
212.50
213.26
216.42
215.32
217.00
216.79
219.53
220.52
218.13
224.62
238.53
243.63
254.38
247.61
230.32
238.58
236.13
244.91
247.54
246.73
243.79
218.77
189.42
173.40
170.32
162.67
155.14
157.96
152.45
161.11
173.62
184.63
200.40
197.94
219.00
216.58
218.52
216.92
214.18
211.35
218.99
223.25
221.42
229.20
233.32
229.19
197.76
197.53
198.22
192.17
198.41
188.86
185.83
193.29
199.38
204.24
208.89
219.10
219.88
223.50
233.79
229.50
221.23
228.89
226.92
227.32
245.45
249.77
260.58
259.53
247.29
236.06
232.45
230.85
231.61
237.19
232.99
240.32
238.37
238.88
242.63
253.07
258.08
260.91
271.02
265.46
269.15
268.26
274.79
276.77
270.54
266.67
267.60
249.77
238.10
236.28
230.80
226.53
227.11
225.73
227.80
233.41
225.39
238.47
247.64
250.62
252.90
247.64
259.15
265.29
270.37
262.88
256.64
257.30
255.33
260.85
270.49
265.77
236.11
224.22
220.12
217.66
229.41
232.53
233.57
236.86
237.00
242.01
251.15
260.33
258.50
269.40
279.28
261.33
276.38
261.27
255.51
254.03
260.27
256.37
268.13
271.05
256.11
243.00
235.18
231.85
238.59
243.06
252.21
248.75
246.48
259.15
249.90
262.07
263.82
273.10
281.71
283.95
238.51
257.14
265.83
271.98
267.88
263.84
243.86
234.10
226.09
218.32
211.41
212.05
209.04
205.91
209.06
215.34
210.00
222.80
225.99
235.42
232.84
235.74
247.40
248.49
236.52
235.35
229.26
238.48
245.16
245.36
228.24
223.17
199.05
206.29
198.03
197.71
187.52
181.42
186.27
199.53
208.83
217.80
219.82
215.73
211.86
204.99
215.50
231.47
229.65
216.46
222.08
221.98
212.94
198.74
193.04
186.14
189.32
195.23
195.72
191.20
198.49
197.48
198.88
212.13
225.56
225.73
226.91
231.62
237.29
234.68
239.04
230.86
240.92
233.20
232.30
231.01
238.70
251.01
253.86
256.27
237.87
232.18
233.62
234.43
240.71
237.41
241.64
240.58
245.60
256.43
264.02
264.05
255.68
267.83
292.46
296.87
274.78
281.02
285.96
286.61
295.59
288.85
278.17
282.10
264.81
253.83
254.59
253.65
250.92
259.24
274.57
272.39
265.25
268.97
280.93
279.20
284.17
282.81
286.85
293.22
280.50
279.15
295.93
293.22
292.43
297.56
289.18
283.94
266.77
260.28
257.20
250.75
259.49
263.26
257.37
264.11
265.03
270.74
274.23
278.56
286.96
291.17
293.09
279.96
301.70
303.38
306.12
302.09
293.65
292.35
303.50
292.36
282.16
275.82
265.48
257.48
265.53
273.04
279.69
285.43
280.54
278.19
273.57
276.52
274.54
279.75
286.47
278.89
275.29
270.39
273.67
271.93
274.81
282.89
288.18
273.11
243.96
239.77
229.79
216.26
240.00
230.31
228.52
234.21
222.15
218.77
235.52
253.10
267.91
265.79
272.54
275.39
244.17
253.27
255.81
257.34
262.86
256.85
240.60
228.01
201.41
196.26
181.94
183.29
182.71
177.83
173.97
175.07
191.81
204.98
216.79
226.89
226.10
221.86
224.68
231.78
248.51
250.95
233.76
230.73
229.85
238.53
232.33
203.64
156.66
132.66
122.05
128.90
133.26
124.05
122.84
127.58
133.94
143.46
159.52
189.03
211.30
202.64
210.64
231.03
249.03
255.79
240.45
235.15
243.10
263.93
276.51
255.33
242.76
244.69
244.01
242.96
252.58
258.78
256.95
263.32
266.50
267.19
271.08
280.52
280.31
277.14
290.54
285.05
278.40
281.90
284.79
287.99
289.24
287.11
296.25
296.45
272.14
272.64
276.08
281.27
282.29
286.48
278.70
269.69
275.23
278.25
278.73
283.84
286.84
291.74
290.71
293.26
275.09
261.07
256.50
266.00
269.19
276.42
279.33
272.43
261.48
264.23
260.96
237.06
239.01
237.00
243.50
251.50
250.31
248.31
268.94
267.15
265.37
267.32
277.06
273.06
256.77
258.72
248.57
246.00
249.17
254.73
276.21
260.47
244.78
248.60
246.93
238.76
231.82
240.60
244.24
253.36
259.23
263.36
255.90
247.74
252.38
256.77
267.37
274.07
281.76
276.69
266.08
267.58
261.68
266.37
278.76
265.03
237.87
237.20
236.64
239.72
251.89
259.67
255.53
268.07
274.93
275.36
262.50
258.10
262.49
263.78
273.63
273.69
244.28
257.61
259.70
270.70
275.55
278.90
248.21
247.00
228.19
221.75
222.12
209.45
220.52
217.89
210.39
204.17
214.82
222.79
222.34
232.24
245.56
242.62
244.93
238.37
228.79
246.59
257.58
226.48
198.95
194.89
193.39
197.49
172.60
171.24
160.98
143.59
142.27
137.03
146.86
156.94
177.50
165.65
195.28
213.09
229.16
230.51
241.15
238.16
212.53
209.62
224.62
235.95
239.91
257.80
275.32
271.97
250.50
241.10
242.73
243.36
247.04
254.59
254.10
256.87
267.58
271.63
272.42
277.14
285.43
291.03
292.65
299.50
283.82
299.60
300.78
306.93
311.08
305.54
278.11
278.54
266.84
258.14
255.65
254.71
251.29
250.69
256.16
264.17
269.76
276.23
284.59
292.32
298.84
300.76
297.46
303.40
295.29
298.38
305.63
307.16
301.79
305.88
298.63
289.07
281.35
265.29
266.44
271.24
276.56
274.40
273.45
277.57
270.29
282.45
290.28
290.02
294.34
300.10
303.10
304.46
292.33
305.86
299.71
301.65
302.33
300.53
286.96
284.22
276.22
269.17
266.17
258.11
259.27
253.69
264.85
268.55
261.54
267.33
273.54
280.09
278.87
283.14
291.26
292.77
295.38
297.24
294.94
293.26
292.96
293.27
282.80
275.84
264.47
255.27
248.51
251.16
263.62
265.49
270.27
273.11
268.87
277.94
282.18
285.01
283.90
296.95
291.71
274.78
240.17
244.66
257.34
271.17
268.00
268.14
238.84
220.34
205.38
200.92
192.70
194.00
188.55
204.76
213.21
217.51
217.36
227.44
228.00
228.69
238.87
251.38
238.18
232.34
245.03
255.99
262.32
266.99
272.32
261.50
246.98
231.30
224.17
210.80
201.64
203.21
230.72
224.89
211.27
211.06
221.52
235.02
244.69
245.70
246.16
238.93
250.18
272.72
259.02
253.13
251.99
248.89
247.20
261.67
259.47
249.50
258.08
257.72
258.59
255.81
244.27
237.61
240.19
248.75
249.43
252.15
246.73
249.74
253.92
255.31
266.55
276.95
288.48
273.41
270.71
265.99
275.53
279.69
275.90
271.88
257.79
255.10
259.24
258.37
255.83
260.58
260.98
262.35
267.55
270.84
263.71
253.66
257.31
260.33
274.43
280.29
273.45
273.72
268.49
264.94
258.67
262.44
278.34
270.34
269.08
260.14
258.47
258.08
262.31
262.72
261.35
260.39
259.88
270.12
283.04
282.74
275.78
278.64
282.45
283.17
270.14
262.40
257.47
262.56
267.55
275.80
278.26
278.01
264.50
250.74
236.71
241.90
229.92
233.26
243.60
251.00
261.93
259.35
264.84
277.36
267.75
283.52
283.26
273.35
261.79
267.25
261.10
257.71
258.40
267.92
274.16
267.49
254.18
241.24
239.32
234.81
242.81
239.32
240.89
247.83
243.25
258.19
271.50
278.61
285.33
287.40
301.85
295.03
255.57
249.02
237.37
241.40
243.01
236.00
221.36
212.17
200.01
187.84
194.24
201.49
208.43
195.36
191.25
219.42
232.57
226.62
222.41
224.75
221.29
224.43
236.23
225.71
212.58
203.75
196.00
189.59
175.65
172.98
184.41
190.36
192.16
170.67
164.39
141.71
120.63
122.10
129.33
122.84
128.64
149.98
176.89
201.65
221.82
208.52
218.47
198.75
183.04
188.46
192.08
185.46
184.04
197.24
225.91
242.92
241.09
225.75
196.15
184.10
195.91
204.11
216.51
237.62
231.38
240.35
251.90
262.32
274.02
278.70
279.06
270.74
269.30
255.23
256.49
253.52
259.79
266.22
261.13
249.24
221.78
205.27
195.55
197.65
207.50
216.65
217.30
218.03
229.20
221.89
228.27
242.46
243.93
241.64
259.61
263.04
241.87
251.26
250.12
257.35
263.32
265.40
266.90
244.01
239.81
241.03
232.32
237.38
247.34
261.25
261.31
256.66
256.18
264.20
260.96
259.76
262.99
266.94
269.82
256.15
242.83
216.40
217.86
223.80
230.87
248.52
238.47
233.44
221.74
205.93
200.07
203.17
204.48
199.16
209.04
211.34
203.73
213.63
216.35
226.72
223.76
229.46
232.27
231.88
222.31
208.12
212.04
212.06
209.96
212.40
206.19
211.54
206.62
179.58
169.85
170.03
179.66
167.68
167.93
171.50
176.96
186.97
206.27
216.69
212.45
215.22
227.50
226.51
201.06
190.49
194.14
182.36
175.31
169.58
166.94
157.04
151.07
137.00
122.36
121.27
131.86
127.12
132.99
140.48
145.55
158.49
167.81
181.27
185.16
179.07
173.33
175.81
162.09
159.36
157.51
166.96
161.73
161.11
150.61
159.09
138.16
119.98
109.26
98.25
120.01
112.09
118.01
132.74
134.34
144.28
149.84
172.87
187.37
179.30
170.55
162.42
178.19
172.20
156.30
149.63
158.50
160.76
169.75
178.08
173.47
165.93
147.25
143.61
152.55
156.39
145.81
149.51
148.26
168.83
189.04
193.88
192.07
199.91
203.04
197.78
164.81
168.24
176.06
173.66
172.37
182.73
185.38
183.74
175.55
155.63
151.78
160.76
162.75
163.71
157.91
152.53
168.48
183.06
186.36
196.83
195.14
201.44
191.94
197.39
202.86
207.72
203.14
200.26
191.45
201.22
203.92
194.18
190.79
186.37
176.73
163.73
161.35
161.70
168.50
179.66
173.80
194.01
213.34
221.69
220.01
223.27
224.89
221.80
215.12
220.23
231.49
231.06
227.47
213.96
215.39
205.09
206.93
198.38
181.26
170.86
186.69
187.87
189.18
195.52
198.20
209.72
225.94
237.82
246.71
241.22
239.64
248.62
227.81
240.83
255.36
256.95
238.93
232.52
246.44
243.04
233.93
225.23
215.83
212.83
200.75
194.55
192.91
193.15
203.92
211.09
220.36
235.65
238.89
233.43
244.25
245.25
220.88
198.43
222.25
212.82
203.21
204.81
207.11
189.97
176.07
148.32
136.21
144.77
144.47
137.84
146.63
159.53
177.90
179.00
177.53
206.40
213.78
208.67
215.09
222.86
236.39
231.83
232.60
253.00
242.07
240.49
230.58
233.60
221.77
195.85
173.08
162.40
162.09
171.50
171.92
174.20
185.24
200.20
215.12
223.87
228.75
228.58
235.04
233.76
251.74
240.86
213.76
206.28
213.57
227.67
228.64
205.65
189.50
186.84
171.47
164.03
167.49
173.20
167.32
181.46
193.11
213.73
223.01
217.26
225.06
219.06
222.74
220.33
205.24
204.60
207.89
212.03
208.39
210.14
205.03
190.21
176.78
157.76
156.06
153.27
150.23
145.80
153.45
158.49
169.18
166.29
195.35
205.21
206.18
203.47
223.18
236.05
231.96
247.16
241.01
224.98
208.91
219.42
206.00
194.19
174.01
159.00
154.55
150.49
156.20
156.64
155.89
161.00
163.87
160.27
157.93
168.27
184.53
173.78
185.36
208.23
223.83
228.04
229.08
225.33
226.20
234.73
232.85
206.16
195.40
187.30
179.30
172.55
167.32
163.35
166.00
169.06
173.86
187.89
197.72
199.99
215.18
220.50
223.90
226.94
220.83
225.59
221.60
225.34
226.48
225.03
241.46
200.44
198.52
187.36
176.75
173.43
164.06
164.41
165.18
170.58
178.60
182.15
180.11
191.79
205.32
206.65
201.39
215.46
224.18
218.08
207.77
201.96
198.16
205.00
218.02
203.56
185.99
168.91
145.49
139.16
144.70
144.45
146.71
149.59
151.62
169.78
173.59
194.97
201.67
200.44
198.63
208.88
184.19
182.52
196.46
186.97
200.92
229.18
228.47
215.38
185.41
159.14
148.06
141.96
148.09
151.80
148.16
154.16
178.73
187.82
201.38
207.00
216.23
215.06
210.32
225.28
232.94
223.67
199.13
198.10
207.44
221.99
225.76
221.68
231.19
236.66
213.87
194.06
204.71
216.08
214.03
206.49
214.24
208.43
211.10
217.29
223.64
217.13
233.42
247.84
262.84
263.98
267.10
261.90
253.81
268.36
247.95
243.03
227.38
224.20
207.81
199.34
213.09
208.85
216.06
217.86
224.46
237.60
238.21
244.21
247.26
236.04
234.04
247.40
262.71
266.14
246.40
240.49
254.30
258.59
262.39
248.15
235.73
221.51
211.40
204.30
200.13
194.94
205.46
210.88
206.39
213.84
235.55
242.57
245.07
223.81
224.54
228.31
245.88
251.23
253.29
242.51
234.00
239.42
243.14
249.53
236.84
225.64
216.52
221.23
213.31
202.95
210.28
212.23
211.00
238.57
243.50
246.21
254.49
255.28
256.56
250.28
249.10
235.51
239.45
231.63
239.20
248.74
258.02
266.81
258.70
256.32
250.80
252.82
259.68
249.74
245.22
236.68
224.23
233.54
246.39
252.52
247.67
245.24
262.35
267.81
229.91
241.76
244.46
256.56
258.35
255.78
253.75
236.15
215.76
200.96
196.54
181.80
150.24
132.32
140.25
142.83
164.03
176.91
202.88
224.02
230.22
238.77
245.24
242.02
227.47
229.70
231.24
224.92
217.38
223.97
223.78
209.23
187.37
152.80
141.64
130.53
130.30
126.77
126.51
130.00
134.47
152.74
191.61
215.86
225.40
227.71
234.55
235.83
228.37
233.11
234.43
241.96
255.80
267.31
274.46
275.91
262.80
267.26
263.53
252.23
259.18
251.37
258.25
266.47
271.27
268.58
270.37
274.65
277.75
278.12
299.18
306.36
309.52
318.60
315.19
312.15
317.80
324.67
313.93
307.74
282.61
277.88
283.96
282.89
276.77
274.70
277.69
276.87
288.03
291.65
290.85
285.58
283.07
285.18
296.86
312.53
320.96
323.51
337.46
335.25
332.01
333.18
318.90
306.59
285.08
276.04
279.73
283.95
291.95
282.47
287.50
295.67
289.90
300.68
303.22
296.26
297.75
309.59
318.81
311.54
291.49
300.36
306.58
305.93
310.90
310.30
291.90
287.08
269.75
265.34
257.17
259.56
263.05
267.12
269.87
270.67
266.49
277.42
272.76
282.76
284.74
279.92
278.70
290.65
308.27
317.70
312.77
303.85
314.28
320.57
321.01
320.30
290.31
296.12
294.18
284.73
288.72
288.13
280.65
279.65
292.24
294.15
305.27
305.48
304.94
309.52
329.06
333.11
308.64
314.06
316.49
320.20
324.70
329.85
304.66
294.03
274.52
263.21
261.30
271.21
248.38
232.15
231.24
256.90
280.02
292.99
301.35
290.58
289.11
313.58
321.82
330.90
272.87
285.49
290.43
292.58
300.94
296.93
276.36
266.42
239.40
209.16
193.67
190.90
180.71
159.59
155.14
185.77
191.94
225.87
244.60
251.69
247.76
267.79
277.85
298.06
296.37
286.80
280.85
287.01
296.95
313.17
325.07
329.73
306.15
286.28
276.26
273.60
270.50
272.55
285.62
286.51
292.95
310.57
315.27
313.08
312.44
328.78
329.77
326.94
330.32
336.83
342.28
337.88
332.45
334.30
322.16
316.20
302.77
298.11
293.97
299.34
293.21
293.02
297.30
292.30
300.51
302.91
309.97
314.30
310.04
330.01
326.13
324.80
335.88
345.98
347.79
345.91
346.54
348.00
318.80
319.17
308.39
306.44
295.27
294.18
282.99
278.25
285.31
287.75
299.82
314.25
317.83
315.44
315.74
332.58
339.21
338.67
321.82
333.94
329.01
321.78
320.89
324.51
306.36
309.17
295.38
287.72
280.15
271.95
284.25
282.41
281.92
286.24
289.75
288.65
290.56
291.23
294.24
313.52
317.03
329.22
323.66
328.65
332.95
335.10
334.69
329.49
338.24
328.79
305.68
300.23
292.13
293.33
292.38
289.25
299.38
307.96
300.29
296.43
307.57
306.92
309.07
331.35
334.89
329.76
328.11
326.63
329.72
322.32
328.58
334.58
336.21
324.90
298.58
279.20
269.96
248.48
242.97
236.59
238.41
250.59
267.77
288.06
283.27
285.63
282.80
294.39
311.71
324.28
315.65
331.74
331.09
320.52
318.50
323.74
320.74
304.04
272.43
248.54
217.09
207.38
219.00
202.47
206.65
219.39
239.82
270.37
284.83
268.45
269.68
278.03
287.58
301.74
307.06
310.59
312.41
311.01
321.15
322.63
332.21
326.28
318.78
311.42
308.59
308.10
298.79
289.81
291.16
307.97
309.24
315.79
318.96
323.08
315.42
317.36
329.56
335.14
343.28
348.27
350.68
352.19
350.74
355.69
348.64
342.43
314.71
306.87
306.87
297.35
295.35
307.13
315.59
327.53
331.54
328.85
326.06
329.77
330.15
346.07
359.51
367.74
359.10
364.65
366.72
369.53
361.75
366.10
370.29
355.71
335.03
328.16
326.96
327.33
327.80
330.14
323.43
337.45
337.45
335.37
335.21
340.10
338.35
356.96
371.47
368.36
370.61
368.92
372.62
378.66
379.61
383.47
386.36
380.71
357.02
350.94
362.76
364.73
361.00
355.21
348.57
355.03
358.38
357.84
354.82
343.07
348.61
366.08
365.39
343.85
350.81
350.76
348.82
350.63
351.86
357.36
370.91
360.55
341.14
338.80
333.78
319.04
312.76
302.02
322.02
320.70
327.41
333.73
335.12
337.19
340.66
359.80
360.33
355.94
336.88
357.44
356.04
351.67
350.50
348.17
341.37
324.64
297.78
295.25
282.38
292.91
277.52
270.53
265.15
275.25
300.20
314.12
320.07
306.10
304.47
319.13
330.35
339.65
348.23
354.02
363.31
362.27
360.46
359.46
349.08
332.76
301.12
279.66
261.73
287.82
287.80
280.93
291.08
293.07
298.69
299.48
312.46
316.21
312.52
310.09
312.10
308.59
298.33
297.11
297.66
299.27
311.63
332.78
355.06
352.07
342.35
320.58
304.32
296.12
306.42
312.76
315.75
334.24
339.52
347.28
350.95
336.38
333.35
351.22
348.72
350.14
342.47
356.44
365.65
368.41
374.69
375.18
367.12
354.88
339.90
325.61
323.55
323.16
327.46
326.85
333.22
343.20
348.92
351.27
352.69
349.51
352.90
363.19
371.48
375.72
364.00
357.04
348.98
344.50
345.05
360.02
369.43
357.58
343.35
332.79
320.22
313.74
313.20
309.65
321.88
324.75
333.12
343.90
343.96
347.45
349.45
362.26
376.23
383.94
360.50
363.83
354.63
354.65
361.36
360.34
365.87
357.55
339.71
327.18
312.98
300.42
306.93
303.71
311.68
316.73
325.95
345.67
345.89
337.05
342.18
352.85
358.21
360.33
354.36
356.39
368.78
362.61
362.39
364.31
346.87
341.13
322.28
306.55
299.72
291.51
279.68
292.88
296.37
313.04
326.35
341.40
341.61
335.89
326.15
337.76
353.53
350.88
317.34
326.96
335.48
336.24
340.37
340.51
316.66
314.85
302.38
293.76
283.58
271.65
255.59
263.92
260.34
271.51
291.49
315.94
311.67
298.52
292.67
311.27
315.31
331.41
309.35
323.83
321.07
325.15
317.46
319.17
310.19
309.18
292.45
284.07
288.69
290.91
283.94
291.49
297.23
293.51
295.64
284.25
284.91
277.36
274.27
291.05
290.72
292.76
301.83
309.81
297.43
307.25
319.30
342.32
353.61
354.18
346.52
348.65
346.02
346.26
352.49
346.11
339.37
327.56
325.43
337.67
341.33
340.14
335.57
347.14
348.50
361.94
344.74
342.79
345.96
341.52
341.51
351.98
356.73
355.81
324.49
304.01
303.87
290.75
287.40
289.99
298.55
317.29
310.12
333.84
335.25
327.38
327.30
347.94
347.58
346.18
330.85
336.48
335.11
334.17
333.27
348.12
332.94
341.09
319.77
303.27
296.42
281.45
292.14
291.03
293.98
297.86
303.29
324.27
331.23
333.08
329.16
345.15
348.00
351.89
348.80
350.21
349.90
358.50
361.41
359.32
361.44
357.15
322.62
306.40
302.71
299.47
287.42
282.00
286.65
309.79
329.71
343.88
340.54
336.90
340.54
352.14
350.37
351.99
351.57
347.17
342.56
334.22
341.04
343.86
337.57
336.29
316.40
306.01
299.79
305.65
300.03
294.24
301.43
301.71
317.32
321.87
317.30
316.02
312.00
337.73
331.41
335.01
312.70
309.33
318.64
331.13
328.93
319.02
306.81
285.12
262.80
248.04
246.54
236.65
227.14
229.25
233.08
246.96
282.05
296.79
288.39
284.21
286.31
302.58
313.53
314.61
297.97
296.72
293.45
275.96
269.68
277.64
286.30
277.25
260.40
263.12
260.67
246.12
232.95
214.03
225.64
235.88
246.39
277.41
299.43
281.12
281.79
295.49
313.88
305.88
291.19
288.10
293.38
291.34
293.17
311.21
328.68
314.28
299.36
293.06
285.83
287.11
307.09
318.49
324.74
323.57
324.22
327.94
317.22
309.92
308.14
321.05
323.54
321.37
306.97
290.53
286.18
276.31
282.65
285.23
313.11
311.39
295.49
289.50
286.65
292.55
288.22
291.84
290.23
298.89
305.34
293.99
298.56
294.95
294.62
292.05
279.31
266.83
233.29
232.14
227.73
235.91
240.28
253.45
264.74
282.96
280.54
281.93
268.00
263.36
245.38
248.68
257.40
260.89
272.00
278.81
285.09
283.77
285.92
287.41
289.30
272.64
263.06
270.93
279.25
271.12
280.19
288.51
284.65
303.50
295.31
284.58
274.34
274.38
266.63
270.96
276.41
281.72
283.60
281.28
285.16
287.09
285.65
294.64
287.73
268.04
247.37
249.64
260.25
256.31
262.70
264.57
288.86
304.62
293.29
290.35
287.74
285.40
279.42
280.87
284.03
281.20
283.81
287.15
292.59
284.80
293.10
295.55
289.47
281.78
253.65
256.89
238.82
219.00
217.19
224.77
238.23
241.94
232.26
228.38
221.82
205.83
185.75
157.40
165.75
183.45
205.71
237.46
241.39
235.44
244.64
252.10
261.53
255.46
234.56
208.72
203.07
202.97
207.52
209.21
225.23
235.89
219.61
188.99
167.92
171.60
179.58
151.52
162.92
177.62
204.45
255.84
258.96
256.83
266.98
287.26
298.03
278.03
284.76
280.14
272.92
264.85
283.07
305.21
308.31
286.49
287.89
286.04
279.10
283.63
289.10
279.33
283.28
288.96
292.39
293.14
292.64
287.52
296.27
316.60
318.28
312.13
308.85
306.32
296.91
301.45
291.12
308.92
298.81
292.87
293.84
283.98
281.53
282.05
286.45
283.41
292.03
297.41
301.22
306.60
297.41
293.65
301.13
327.62
335.57
330.66
327.49
330.01
331.11
328.79
338.04
336.90
331.74
312.20
297.14
289.55
292.70
290.62
273.73
268.35
290.87
308.79
322.24
325.01
308.96
303.91
316.54
339.69
342.82
337.56
332.67
310.91
297.40
297.02
299.83
325.73
331.93
307.50
291.04
283.28
278.90
268.28
274.03
279.31
289.27
295.82
313.37
317.85
309.74
308.50
310.19
341.84
348.02
344.18
327.02
312.09
307.62
314.05
307.46
319.67
333.84
316.92
301.07
289.56
283.06
281.63
294.09
282.03
284.55
294.03
315.39
336.86
317.63
308.53
312.54
331.86
340.73
339.22
290.10
310.30
308.94
296.42
301.28
300.83
298.32
264.03
251.03
236.72
249.90
242.72
220.26
206.53
214.62
233.95
266.48
263.91
251.69
247.44
250.06
274.09
293.06
301.79
278.14
261.25
259.74
251.26
257.27
261.61
269.59
252.14
230.95
214.68
213.62
199.49
204.26
181.45
181.99
198.90
233.84
264.06
255.19
256.26
259.31
272.95
294.84
298.55
295.43
301.33
301.87
308.62
319.13
334.08
325.85
314.80
304.18
295.15
285.19
288.08
296.43
288.72
285.57
289.53
294.93
304.98
309.38
309.82
301.67
318.03
337.53
340.20
329.35
328.41
330.55
330.73
336.83
337.92
340.91
317.88
302.34
294.95
297.74
303.07
308.61
301.34
314.44
319.42
314.68
313.12
314.21
308.64
300.87
320.42
335.38
334.59
345.17
338.68
334.67
330.80
327.21
340.36
345.88
318.51
309.98
304.46
312.75
307.50
310.55
313.70
320.48
320.90
321.14
322.16
323.59
309.54
328.08
348.05
344.66
348.33
337.85
328.89
322.00
314.00
310.08
329.50
351.42
336.97
320.69
322.79
331.45
320.73
326.37
332.87
327.65
326.95
330.28
329.04
317.53
311.38
332.58
346.37
338.53
339.42
322.62
309.34
298.12
305.51
306.72
331.32
344.25
322.93
304.50
299.42
304.41
304.17
317.28
325.54
329.21
326.08
309.66
309.37
297.32
285.13
295.51
334.45
349.78
354.54
316.88
334.96
331.61
321.98
316.43
319.72
317.85
297.57
280.02
279.38
284.68
289.93
275.16
273.88
253.46
264.63
287.52
307.63
280.37
262.02
271.98
280.58
300.66
297.50
296.47
300.85
291.68
270.60
271.21
277.73
287.20
287.93
272.32
248.84
243.07
207.04
197.85
175.40
193.77
215.82
233.95
279.00
274.82
258.53
269.36
308.04
319.34
320.87
281.94
273.31
266.78
275.48
295.40
315.28
345.58
328.69
315.34
311.28
322.85
326.91
327.49
325.53
327.81
332.14
322.30
323.63
319.56
309.60
319.69
341.80
344.90
344.65
348.56
352.63
355.35
354.61
354.81
350.19
343.12
312.90
312.19
301.15
304.79
303.23
315.45
323.12
326.00
330.64
336.15
333.63
318.08
315.46
323.16
359.99
369.47
368.90
354.94
354.25
359.46
362.19
351.86
365.99
361.36
343.30
326.68
319.00
321.07
317.46
316.93
303.41
319.29
331.07
342.98
352.37
338.71
334.69
346.19
365.02
363.73
361.23
364.98
351.59
354.25
353.07
353.29
358.25
363.44
340.91
332.87
315.75
309.66
309.37
304.83
300.20
313.87
321.27
339.10
342.39
327.92
328.02
338.65
363.56
352.78
349.03
347.29
346.55
343.89
342.08
341.50
344.89
333.71
312.59
300.42
289.88
289.03
288.76
308.64
313.08
321.17
319.87
324.83
330.08
321.79
314.74
322.61
344.45
354.96
343.04
337.28
343.57
347.09
345.27
344.52
347.26
340.34
321.49
301.68
297.27
307.07
303.64
290.68
293.65
304.18
318.73
326.19
322.14
309.34
294.65
309.24
329.27
338.22
339.79
316.14
311.40
329.02
325.17
323.09
325.30
327.83
330.94
332.38
334.91
320.94
314.97
294.00
299.16
324.34
333.16
345.58
351.54
340.63
320.33
305.51
329.50
332.86
341.78
340.87
321.60
327.92
337.14
342.52
348.86
357.69
345.08
332.56
323.87
316.05
316.62
309.10
311.23
325.29
342.76
345.24
338.91
335.21
320.20
322.91
316.68
316.19
330.85
326.60
337.96
343.90
332.62
338.75
342.54
354.34
363.24
347.24
312.61
307.57
308.19
320.17
323.79
331.93
341.29
358.48
352.23
329.19
324.20
325.55
343.63
361.26
375.48
383.17
373.15
373.08
375.36
380.21
375.18
377.63
371.83
356.43
342.28
343.58
341.00
342.10
348.08
356.66
360.49
355.83
347.37
330.62
328.88
330.91
345.44
366.65
363.62
344.99
367.08
369.10
356.52
346.35
342.96
364.72
373.26
369.47
329.71
312.75
315.98
325.00
325.67
327.78
334.80
346.75
346.27
339.29
338.99
342.25
361.28
383.96
383.74
380.61
383.14
390.57
390.99
389.91
393.37
391.04
368.82
353.40
318.45
310.23
312.52
316.14
325.56
342.20
342.61
333.05
327.14
323.08
319.46
335.83
350.89
363.16
384.38
390.49
367.59
380.92
386.62
386.70
385.54
381.77
373.95
363.73
340.01
325.00
311.03
305.54
312.80
316.36
323.21
348.73
363.38
337.98
336.74
336.63
348.72
362.17
375.28
377.47
366.43
375.49
376.15
378.35
373.75
369.81
372.69
363.29
345.62
332.59
325.03
335.15
334.68
337.12
335.79
358.03
353.25
333.34
330.91
338.86
345.24
372.63
386.16
393.35
388.74
388.81
382.01
388.25
394.00
400.87
394.73
381.35
357.03
363.48
372.35
382.68
386.24
384.39
375.96
371.36
356.03
348.03
348.75
342.52
352.70
372.04
376.13
386.45
393.04
388.52
395.30
395.10
398.46
400.85
390.79
369.39
344.37
342.63
350.35
351.63
372.28
374.01
367.98
355.06
352.00
344.76
347.75
359.19
383.19
397.96
405.38
403.56
397.46
402.80
403.34
406.26
406.30
404.27
397.89
377.89
350.22
343.25
350.22
355.81
362.40
368.93
362.67
362.17
349.01
338.96
341.31
346.60
358.61
385.35
397.56
400.36
396.02
393.43
387.30
387.97
390.12
391.83
397.51
386.22
358.96
346.17
348.64
351.44
357.95
363.14
368.59
355.54
348.60
336.29
337.20
345.04
375.13
390.48
394.33
396.16
399.43
400.73
400.61
400.63
401.89
403.48
382.51
367.11
339.68
332.83
339.75
351.65
346.52
342.84
346.69
347.15
333.32
327.85
332.17
338.11
361.81
385.41
389.55
395.80
384.06
388.36
387.54
395.26
392.70
390.44
390.51
380.17
368.95
359.94
363.76
367.48
369.77
374.13
375.53
380.19
377.32
363.00
357.16
365.07
377.22
383.43
386.40
383.02
378.98
384.62
378.08
371.54
371.02
373.24
376.81
377.06
359.80
360.05
364.33
354.91
361.99
368.68
368.40
375.83
375.62
351.81
354.90
356.81
373.78
381.03
390.00
391.59
390.37
388.22
382.77
377.18
377.13
378.06
378.97
351.39
336.62
336.15
341.50
338.93
345.46
346.84
346.84
348.62
344.49
342.69
337.97
343.30
356.78
381.88
397.80
394.90
390.78
400.55
397.56
402.96
397.20
392.61
383.19
360.29
347.95
353.18
359.26
350.76
363.51
364.77
366.44
364.29
351.11
352.87
348.77
352.08
379.33
393.59
403.78
407.90
410.39
418.74
419.06
419.06
415.79
415.25
412.69
392.41
364.57
364.99
367.99
370.97
376.64
379.13
368.74
364.50
356.18
345.87
346.16
353.40
382.53
393.66
399.97
405.54
409.71
414.22
416.10
416.32
417.57
412.03
396.71
389.78
363.05
355.25
352.56
362.60
374.96
374.59
365.55
372.69
366.90
354.67
353.47
359.06
378.47
391.85
405.53
409.86
419.66
425.71
427.03
424.26
417.94
414.85
400.82
369.62
352.01
355.70
362.14
381.20
390.42
387.53
393.14
381.59
367.12
354.87
354.30
357.58
361.59
390.44
401.72
398.45
403.56
408.70
407.60
399.39
397.09
402.50
403.59
386.27
379.96
388.22
390.44
387.84
390.90
395.46
404.25
405.50
401.60
371.88
356.16
358.70
379.18
392.06
405.50
409.55
404.40
414.29
415.41
413.02
411.16
413.01
406.57
399.01
393.36
387.21
390.21
388.94
393.41
406.42
405.60
408.31
401.50
378.98
371.80
365.04
378.93
397.55
400.79
404.19
413.36
416.18
414.54
412.20
414.85
416.47
402.43
374.74
356.26
355.76
361.66
363.49
374.79
375.78
368.36
364.32
357.31
344.47
344.28
356.05
375.03
398.91
407.05
414.96
412.38
414.64
411.27
411.86
410.56
413.89
400.69
370.96
351.85
344.75
341.54
340.67
352.70
356.87
356.37
362.86
358.13
346.60
350.87
351.54
370.75
390.57
407.63
411.35
419.60
418.65
418.79
418.74
421.37
422.05
407.28
377.58
358.22
348.49
347.16
350.96
355.46
359.30
363.30
361.92
358.09
352.36
352.36
363.06
380.40
395.94
416.45
425.21
435.33
439.27
440.23
439.19
436.77
433.78
421.78
392.93
371.21
370.21
364.21
366.25
379.94
380.35
380.99
364.78
360.15
350.09
350.17
359.95
379.74
398.06
413.00
419.00
424.02
428.96
430.58
430.60
428.25
424.67
416.98
390.67
363.40
355.19
347.10
339.83
347.53
359.38
375.49
387.25
378.45
367.50
369.17
373.55
390.64
405.65
411.62
414.24
400.37
403.18
402.67
400.40
394.62
396.68
395.24
381.12
357.29
345.62
351.35
364.49
354.52
362.20
379.84
388.71
386.62
356.49
359.43
365.38
371.55
385.85
395.94
393.30
394.65
403.82
396.27
397.60
401.38
396.80
398.92
394.68
378.80
354.16
347.38
362.90
367.05
383.09
395.14
402.58
392.21
365.24
361.73
357.51
376.65
390.89
394.73
396.57
398.57
408.17
410.42
408.06
399.98
401.03
387.60
367.17
340.83
333.35
330.72
330.44
341.00
359.71
361.85
361.17
359.02
349.57
346.28
344.57
362.99
383.61
390.19
394.61
408.10
416.78
412.08
409.05
409.64
414.14
399.61
381.88
354.07
346.23
341.94
343.15
341.59
353.64
367.13
382.25
375.74
361.75
359.85
370.95
386.18
402.08
409.69
407.90
400.53
404.17
402.17
397.59
400.50
409.16
398.63
376.14
354.93
347.56
341.78
338.00
348.22
370.95
375.48
363.96
361.40
359.06
356.56
360.35
373.60
389.49
394.49
403.05
397.45
396.31
398.72
389.43
390.93
395.84
402.87
373.30
353.82
363.03
366.73
370.60
376.88
378.27
369.56
367.68
354.34
348.62
351.33
350.53
367.49
387.92
390.12
403.78
406.18
401.85
404.70
413.40
413.42
408.78
396.93
377.26
356.22
348.90
348.76
358.88
362.26
367.45
369.80
375.63
370.96
365.05
361.27
367.75
380.70
398.12
408.42
403.24
404.34
407.92
401.99
407.09
406.88
409.91
409.64
392.17
370.76
349.63
347.52
352.16
349.90
377.92
393.16
401.30
384.46
381.25
378.07
377.24
386.00
391.11
409.69
405.99
386.50
386.25
392.54
377.44
366.22
372.49
387.76
389.99
369.09
357.96
345.36
335.16
327.32
327.90
355.68
377.84
375.00
363.56
361.55
348.33
374.78
394.59
403.68
402.74
405.00
409.97
408.15
400.39
392.44
403.52
402.99
374.94
350.98
348.04
345.54
348.55
351.80
358.26
373.35
385.36
376.95
368.70
368.89
374.88
392.92
405.29
410.69
412.10
418.43
422.53
424.33
422.88
422.97
422.03
422.21
392.35
367.12
356.22
354.02
360.15
362.28
371.44
384.92
397.75
401.37
385.21
386.44
393.24
404.14
408.14
407.93
409.58
408.09
408.23
407.00
399.41
397.31
402.93
395.12
390.16
362.78
352.67
337.66
341.45
339.88
349.54
368.17
362.70
369.40
353.04
345.94
350.87
370.63
389.79
399.73
401.91
388.64
385.55
398.35
394.79
386.24
393.06
390.05
372.79
356.16
347.07
355.82
349.61
362.19
372.41
371.66
368.39
368.31
354.83
365.36
379.41
390.52
399.36
396.50
398.00
405.29
401.79
399.46
391.79
388.09
393.34
402.10
392.08
377.56
367.69
378.28
378.92
378.52
392.47
384.52
373.50
367.38
363.10
374.20
384.05
392.95
401.14
397.21
396.24
407.35
415.82
411.73
397.98
393.55
400.10
405.21
400.71
396.87
370.76
361.50
354.87
360.06
372.34
384.03
400.57
401.66
385.65
386.91
383.69
393.35
406.74
409.89
402.83
416.05
419.02
418.32
417.00
422.67
422.40
420.91
419.40
396.76
380.19
361.16
350.51
355.12
364.82
386.66
406.49
410.27
386.92
372.29
379.85
394.97
412.48
421.48
423.36
428.89
427.79
426.61
423.29
419.80
429.53
424.60
411.14
379.13
372.98
372.32
374.21
371.92
372.27
387.10
388.84
384.89
368.84
370.44
386.38
395.03
413.88
417.59
425.05
426.06
428.15
428.13
426.19
427.96
428.93
419.30
397.22
375.11
362.21
360.40
363.76
358.51
371.05
377.99
375.29
375.32
368.95
377.12
389.48
404.79
418.82
424.33
428.94
425.02
417.76
422.13
420.48
418.03
416.07
416.04
401.85
377.81
374.52
379.67
378.55
381.65
388.31
398.85
404.51
397.41
389.24
374.50
382.07
402.73
415.07
416.45
420.71
427.53
425.61
429.62
429.33
424.69
425.00
423.95
415.89
384.27
375.63
373.74
368.02
374.09
378.22
390.37
396.13
380.80
367.62
373.33
375.53
402.45
416.49
423.55
422.02
425.84
430.83
428.84
423.79
419.80
429.07
431.28
418.03
385.15
381.88
386.85
389.27
394.00
397.61
398.86
400.55
399.23
385.19
398.47
404.98
412.18
425.46
423.52
422.90
419.57
425.46
430.41
428.74
422.31
427.54
423.89
410.06
391.25
368.89
373.54
377.53
388.22
391.68
402.98
411.52
414.34
398.77
380.37
370.63
391.03
417.77
426.39
427.31
429.75
435.40
439.02
438.81
436.98
435.20
434.96
430.74
411.75
380.91
385.53
380.86
377.46
387.18
402.34
410.89
405.87
400.97
382.39
383.89
402.05
418.81
420.60
429.61
431.32
435.85
436.30
436.49
433.37
437.71
434.05
416.51
380.76
371.62
369.11
378.27
386.26
391.18
390.55
384.43
377.01
359.29
364.74
369.23
392.06
414.59
422.30
427.85
437.40
442.42
443.79
446.38
446.36
440.80
428.28
404.46
380.80
370.45
375.78
388.32
395.69
401.42
400.41
396.48
380.99
369.88
365.74
374.41
399.12
415.33
431.55
436.73
428.48
423.82
424.88
421.14
421.78
421.19
423.27
415.91
393.67
381.67
384.82
398.65
398.69
399.42
407.73
411.76
407.39
383.02
390.07
401.55
415.91
421.68
421.53
420.97
399.27
398.21
399.39
393.82
388.71
392.28
395.93
394.64
364.70
368.06
363.00
375.30
384.62
385.12
389.61
388.51
380.05
373.35
371.86
377.87
387.55
392.27
395.05
395.57
355.18
364.78
365.70
348.43
350.40
354.62
363.13
367.60
345.25
340.12
346.35
354.56
365.74
370.10
373.38
372.50
365.71
351.36
338.30
336.98
337.53
357.43
355.00
361.74
353.28
348.09
330.69
328.87
326.69
332.10
336.26
321.38
325.32
340.45
353.65
355.99
359.14
351.12
338.44
345.39
346.83
345.29
339.30
337.51
347.51
368.24
376.10
375.92
354.69
357.52
366.32
371.48
370.32
380.48
375.71
357.62
342.56
332.62
339.94
348.70
352.89
365.60
363.52
382.14
378.21
370.94
356.68
361.66
369.19
390.03
399.97
398.61
368.26
369.24
375.27
381.83
379.47
383.13
405.74
409.78
386.73
374.18
372.78
380.03
391.55
392.68
397.32
397.93
381.19
365.78
363.21
370.68
378.20
388.31
382.48
378.07
342.98
326.97
329.57
332.70
334.32
350.39
372.34
360.39
334.10
328.67
349.89
350.25
351.00
351.22
361.68
359.24
354.93
338.29
345.88
359.01
382.66
382.63
372.10
364.82
330.90
314.92
314.35
313.84
314.93
319.55
337.68
354.50
345.90
339.80
343.25
340.37
337.54
335.76
346.66
350.38
351.51
342.80
339.86
363.98
372.09
366.68
351.26
343.73
367.29
356.96
345.41
344.65
338.48
332.06
353.24
355.99
333.37
333.55
316.97
305.40
316.16
312.62
317.46
331.72
331.08
319.29
310.42
320.77
337.38
340.65
339.36
338.59
285.51
291.65
281.97
280.79
277.28
300.47
303.46
278.52
268.74
250.46
250.86
234.71
242.71
242.64
249.05
286.36
306.03
283.99
284.46
283.74
308.07
305.94
312.02
327.59
353.48
