347.86
336.81
331.10
330.89
325.31
318.61
310.85
311.03
316.42
316.17
311.81
313.79
317.44
322.24
321.05
325.38
327.78
329.59
331.13
332.24
335.31
341.50
338.74
343.82
343.36
348.35
346.89
347.90
345.31
342.37
339.53
332.85
333.20
334.76
337.88
342.84
346.02
349.80
342.23
346.45
345.95
350.16
353.91
356.09
357.56
353.81
346.02
345.02
345.41
356.10
348.05
338.69
331.67
323.11
319.74
323.88
324.07
323.93
327.94
335.46
343.52
346.69
349.41
348.78
350.27
347.68
344.67
342.02
345.96
346.67
343.43
341.54
339.26
333.05
323.45
322.84
320.33
320.79
323.06
324.85
328.19
330.27
337.35
342.04
356.22
357.08
359.00
363.22
359.05
355.60
350.97
346.45
344.82
344.97
333.84
349.00
352.05
355.59
348.31
336.40
322.49
319.43
319.98
321.65
321.30
326.39
331.01
343.06
343.17
350.16
348.16
346.10
346.49
345.33
352.65
348.40
345.27
347.73
346.25
348.96
350.00
352.09
352.64
352.60
349.94
340.64
335.68
338.88
343.72
340.97
341.52
351.79
367.33
375.15
383.78
391.30
389.83
386.60
386.49
388.99
388.27
391.25
383.54
386.51
390.41
397.07
402.23
399.92
399.71
391.48
385.95
382.24
375.26
374.18
374.00
381.44
378.58
384.20
383.91
380.00
380.75
378.98
375.14
374.50
372.02
376.96
376.98
388.20
393.92
394.45
398.21
397.38
390.72
381.83
374.95
372.39
374.13
375.94
377.72
384.44
389.97
394.74
391.44
390.35
385.95
384.45
384.76
387.04
388.88
385.81
385.65
397.97
399.34
401.74
399.56
396.21
390.08
376.47
363.08
357.12
354.96
357.87
364.94
363.17
377.67
380.14
376.97
378.76
376.64
373.32
368.80
361.74
361.28
369.39
362.76
370.70
368.29
368.82
366.36
361.47
355.96
352.22
351.76
355.12
357.65
360.73
371.34
378.19
391.63
398.47
399.93
405.99
408.93
410.10
408.64
404.58
403.68
405.56
398.65
406.27
411.54
415.28
417.15
415.23
410.50
402.39
395.07
399.33
398.55
400.22
390.39
385.91
389.78
392.92
396.72
398.38
401.29
397.82
400.73
395.21
390.00
389.03
384.58
392.27
388.74
388.80
386.68
381.11
371.36
364.15
362.41
356.20
353.70
348.17
352.89
351.92
347.70
354.09
355.55
352.91
352.60
352.95
352.84
352.18
348.73
347.09
346.44
355.15
358.27
352.78
350.68
347.87
338.98
334.18
331.18
327.09
327.89
328.65
333.55
347.51
359.98
366.21
361.67
364.08
371.97
372.96
373.45
374.23
376.14
372.89
367.87
372.31
376.84
374.86
381.52
391.12
391.37
392.96
386.85
379.85
379.54
385.74
385.94
386.92
378.90
387.25
390.77
395.97
401.81
402.94
398.96
395.85
394.08
390.27
379.05
384.67
377.97
379.16
384.05
387.45
389.83
383.19
381.59
378.21
375.65
375.75
369.18
367.95
364.59
360.50
359.04
354.90
349.62
346.57
339.28
335.58
336.74
341.96
347.26
352.43
357.65
361.83
367.58
369.62
367.11
365.10
363.47
359.68
362.56
362.78
360.55
358.08
362.82
363.26
359.27
364.89
356.91
353.86
351.70
348.64
350.36
354.56
352.63
365.51
365.14
363.34
360.55
361.00
355.56
345.41
341.08
340.92
339.96
341.25
340.73
346.45
353.46
355.32
360.49
360.05
365.71
365.39
361.82
356.23
356.82
353.22
352.61
368.14
370.28
366.15
369.25
363.06
359.16
355.83
357.47
357.14
359.43
362.49
373.86
373.18
379.61
382.36
383.15
378.74
376.58
373.07
371.62
368.05
369.18
367.47
361.28
364.21
366.00
360.14
356.50
352.52
348.27
344.19
347.81
353.70
358.06
358.26
357.31
359.84
367.06
369.24
371.22
376.90
375.69
369.86
361.37
354.30
351.96
348.58
349.31
352.43
350.34
348.66
344.84
339.44
335.54
331.08
331.02
330.20
330.52
332.19
338.88
348.75
357.26
355.37
349.69
352.85
354.67
352.89
357.61
356.56
355.12
359.89
358.19
366.68
369.94
378.21
386.40
390.03
383.26
378.77
377.13
372.85
374.13
371.82
373.80
374.88
372.32
370.94
380.49
387.91
395.61
388.97
384.61
385.47
384.26
385.25
380.80
397.26
401.43
405.44
402.88
398.63
394.74
387.64
382.85
383.44
384.33
384.36
381.43
380.61
385.36
393.65
400.09
400.66
401.31
403.62
406.23
408.30
404.06
400.01
390.36
394.80
405.86
408.66
397.20
391.21
389.31
389.27
385.77
383.54
379.40
378.52
379.13
384.25
386.09
386.99
387.54
387.52
389.22
388.98
386.81
384.61
379.02
380.53
376.25
390.23
385.30
382.99
375.27
373.10
371.93
371.54
372.44
375.10
380.03
385.76
391.52
397.70
411.83
412.46
407.28
400.76
399.64
395.68
395.64
396.21
398.46
403.72
400.00
409.15
412.91
416.40
411.63
405.84
399.05
395.98
394.19
391.36
391.71
387.91
388.45
387.77
387.43
388.37
390.35
391.73
396.48
395.97
400.80
394.63
392.73
392.36
388.58
400.25
399.31
394.59
389.85
382.14
376.15
371.62
368.88
367.55
365.17
363.34
368.36
376.21
380.13
377.87
377.06
376.04
377.62
378.00
371.43
380.49
388.49
385.52
382.61
392.87
396.61
396.12
394.39
395.47
392.87
389.24
385.43
387.15
385.68
381.79
376.43
378.44
390.51
390.15
380.05
378.59
374.02
372.54
370.30
371.05
371.30
375.52
377.04
385.92
379.50
378.93
380.38
379.94
379.61
379.81
379.16
382.93
390.80
394.64
397.67
403.34
399.67
399.55
394.69
391.27
391.45
386.25
384.61
385.21
385.30
386.66
387.39
390.58
386.00
386.74
393.14
390.29
383.97
378.56
376.31
375.35
377.78
372.41
373.20
376.61
380.02
377.55
379.51
386.30
390.06
394.08
398.22
401.56
401.86
402.03
394.07
397.29
399.47
404.67
413.05
405.38
402.70
393.80
389.05
387.97
388.33
388.69
392.58
401.57
418.12
425.96
432.73
429.78
424.76
420.01
418.85
413.17
412.89
416.65
410.18
421.40
423.90
426.74
422.77
419.02
409.38
404.15
399.63
398.63
400.58
404.25
408.80
420.42
425.04
438.88
447.04
447.61
447.37
445.20
443.83
442.46
441.91
441.34
439.28
437.22
433.50
442.05
441.94
435.41
429.39
422.08
416.90
416.71
416.87
417.87
421.06
424.29
431.82
440.42
441.15
437.25
431.39
427.27
427.01
423.94
421.10
423.85
421.08
429.33
429.96
425.84
424.46
415.31
409.60
404.30
401.80
400.85
401.67
400.48
403.77
405.65
411.46
413.92
415.97
418.31
414.70
411.96
406.73
403.19
404.19
399.87
398.31
401.32
400.41
397.02
397.73
394.70
391.95
389.46
386.99
386.34
391.16
393.48
403.62
417.46
428.74
434.86
428.32
431.66
429.26
430.92
427.39
424.50
424.93
427.20
439.28
455.71
457.83
455.16
458.49
459.91
461.62
457.61
461.11
455.37
448.42
442.89
441.56
442.00
436.73
428.96
418.82
409.48
401.57
395.31
387.54
382.65
382.57
387.76
397.76
398.00
403.61
399.67
394.45
391.73
387.66
380.32
378.97
377.21
375.51
374.69
375.77
377.24
379.56
380.05
377.91
376.32
379.52
379.09
376.82
378.11
377.82
379.54
387.81
394.11
396.32
398.20
396.68
394.58
392.21
390.89
393.62
397.56
397.62
396.77
396.87
386.06
396.91
394.92
390.99
387.05
391.71
392.99
391.71
383.48
381.66
383.25
381.37
379.74
380.73
380.99
377.46
373.89
373.11
370.59
368.09
363.97
363.04
365.65
372.15
375.69
392.72
382.34
374.47
375.51
375.59
378.34
377.30
378.64
379.70
386.72
390.92
392.45
384.79
390.20
385.79
378.22
373.68
372.01
372.85
372.45
375.64
377.23
383.13
389.90
399.41
399.55
397.97
393.70
394.25
389.61
389.39
388.98
391.99
397.27
393.78
399.65
396.99
392.57
385.31
375.89
369.05
363.13
363.00
359.07
352.69
346.97
344.28
338.89
350.35
354.76
355.52
354.82
352.49
348.32
343.28
347.81
349.86
347.70
343.66
342.37
348.81
351.18
351.81
352.85
347.64
340.73
342.17
338.54
339.64
345.60
351.98
357.29
359.80
365.26
361.89
360.05
361.80
357.82
356.89
356.40
359.82
363.19
365.21
364.72
366.13
369.67
374.13
372.48
370.72
368.33
360.63
359.66
362.01
362.63
365.37
369.16
370.61
368.37
363.55
366.14
362.08
356.29
352.69
354.19
356.54
360.20
362.85
362.92
365.61
363.94
367.95
367.09
364.48
362.12
362.20
361.38
362.38
364.04
363.16
362.65
364.92
372.57
363.95
370.40
374.13
377.82
374.89
373.51
368.52
366.38
368.43
360.82
357.65
357.17
356.73
354.51
353.66
350.22
346.83
343.43
345.91
348.37
351.37
354.88
362.38
354.24
352.46
363.59
364.74
359.60
355.57
351.13
349.61
350.65
358.74
362.45
372.45
378.19
386.97
379.54
369.59
360.96
357.01
352.68
350.57
350.11
347.69
350.13
363.53
356.26
343.37
345.59
347.10
347.23
345.03
341.88
341.90
343.47
346.86
350.68
347.53
344.00
340.33
333.84
324.93
313.64
307.96
306.13
307.44
308.74
308.28
308.84
317.59
318.61
323.38
318.94
316.92
311.92
311.41
312.05
318.10
326.30
335.56
338.89
346.69
352.26
355.54
349.28
342.13
340.20
334.06
332.98
332.15
329.39
328.93
330.85
338.25
332.26
335.35
345.25
349.89
347.59
351.62
349.00
351.46
345.75
341.45
340.70
340.74
340.73
335.64
328.31
320.74
314.83
313.79
315.55
316.87
320.48
330.38
340.00
343.69
349.68
357.08
360.07
364.79
364.21
360.49
357.19
357.54
357.64
358.10
358.72
363.28
365.23
365.95
362.52
356.21
345.64
342.13
341.90
340.21
337.95
341.04
342.15
345.21
337.15
329.56
333.20
334.51
332.19
324.96
318.86
318.31
325.83
337.76
336.15
340.58
341.36
342.53
344.09
342.99
341.80
340.25
337.09
337.09
337.04
335.83
335.68
333.87
330.42
321.66
316.34
316.65
313.04
310.31
310.25
313.91
318.73
329.79
338.17
344.09
344.34
346.58
345.58
345.61
346.53
348.03
350.64
351.86
353.60
360.33
363.00
363.36
366.14
366.18
365.85
365.42
368.68
367.50
369.37
367.64
367.01
367.95
366.49
363.45
365.23
367.56
360.51
348.67
342.23
334.67
326.90
321.17
320.47
325.94
334.05
336.90
335.31
328.72
330.31
341.07
344.63
349.42
349.23
347.47
350.58
357.32
365.42
362.52
356.58
353.10
347.70
340.50
338.03
337.37
337.37
337.43
338.47
342.37
344.85
353.81
354.39
356.77
359.56
363.35
360.91
360.43
356.39
356.81
358.35
361.61
358.07
363.31
371.67
376.08
370.39
362.05
358.51
357.52
350.80
347.86
349.20
354.01
355.06
358.48
351.87
345.70
346.21
340.20
337.23
337.91
337.07
336.86
336.94
338.36
338.68
340.92
342.23
341.79
336.93
330.58
327.52
329.26
330.24
333.83
343.53
351.87
360.88
364.53
361.68
357.24
357.21
358.06
359.17
359.08
360.35
362.98
365.91
369.18
374.11
373.99
372.79
372.07
375.95
376.60
370.12
368.19
369.14
371.67
373.96
376.39
380.26
378.68
374.68
375.16
378.41
383.07
385.70
385.57
382.11
379.92
378.99
379.89
376.41
378.67
376.85
372.76
371.69
368.19
365.89
362.30
361.27
363.27
365.93
368.28
368.34
371.18
374.35
378.42
377.16
372.12
365.14
356.19
350.79
349.18
353.86
363.97
367.13
372.27
366.81
363.11
359.31
351.49
344.93
340.91
339.12
338.80
342.95
349.64
353.96
363.77
362.88
356.87
350.73
346.63
345.34
347.88
346.91
348.94
346.78
348.85
353.73
356.66
357.96
360.04
354.84
346.28
341.53
341.58
341.69
344.03
351.80
360.83
370.55
381.34
383.83
390.54
392.79
391.49
388.57
382.85
379.72
374.86
374.62
378.97
382.59
389.41
385.95
378.05
370.08
363.15
360.58
359.91
362.40
366.70
375.47
382.89
390.33
394.35
389.60
388.00
389.44
389.77
387.78
385.63
380.76
378.63
374.30
370.62
372.84
377.99
372.51
372.44
366.27
355.88
351.86
348.45
347.52
347.44
352.36
362.22
372.42
377.76
385.81
396.02
397.15
400.08
396.85
396.36
396.10
394.88
393.26
389.41
385.52
389.72
386.13
382.98
375.73
365.35
360.11
357.21
350.45
346.32
345.28
347.63
348.47
347.91
353.36
350.27
349.25
354.65
358.03
361.16
360.31
365.52
367.60
365.27
368.24
366.24
367.22
366.81
365.23
365.36
363.50
359.62
356.34
360.17
362.33
366.74
373.28
371.25
359.63
351.68
350.86
352.89
346.28
341.91
337.88
334.30
335.44
344.78
356.37
362.70
359.69
364.71
370.48
365.34
360.42
356.33
356.76
357.40
363.81
369.64
374.23
362.46
340.63
329.71
328.86
328.13
326.90
324.53
321.82
321.92
326.78
335.24
340.71
343.14
343.08
342.07
340.03
337.29
334.54
334.66
338.04
340.42
347.37
358.54
358.96
369.97
370.06
369.67
376.93
371.55
369.03
368.82
362.81
357.85
358.50
360.46
367.29
368.19
373.28
378.31
367.02
360.16
351.68
345.65
343.23
342.18
347.01
350.56
354.81
369.52
367.02
361.52
363.39
360.08
355.38
352.58
353.36
354.99
358.90
368.61
373.87
375.74
375.91
380.86
384.62
378.83
368.84
367.44
369.37
374.68
375.89
373.64
376.43
380.43
376.32
376.96
374.61
370.15
368.92
366.78
366.09
365.50
370.10
381.21
388.10
392.31
391.26
396.53
392.65
386.80
386.12
386.55
385.32
384.85
385.94
387.54
383.84
386.24
382.90
382.67
382.33
378.01
374.07
370.38
366.64
365.55
370.77
379.07
387.95
389.95
396.21
401.27
405.73
397.76
388.71
385.11
381.64
381.13
383.09
382.88
376.43
373.81
372.69
374.39
378.51
380.76
386.54
396.75
398.82
396.39
397.96
403.92
405.93
405.03
409.17
411.56
407.62
403.46
400.04
399.19
395.84
393.50
393.14
393.17
397.32
396.70
389.01
388.29
387.47
387.20
384.83
379.82
374.24
373.36
377.94
387.54
394.17
402.83
401.27
397.84
397.13
399.56
402.18
401.91
393.47
392.51
394.68
397.23
398.47
404.39
406.70
416.71
419.20
417.09
413.97
414.34
415.97
416.53
416.04
416.04
410.71
414.49
415.80
412.10
406.18
401.78
398.84
400.39
399.87
398.83
398.52
400.62
406.10
410.20
410.10
405.29
405.92
404.23
401.75
404.56
407.14
403.83
404.78
409.80
409.56
417.39
424.56
423.99
415.79
410.43
405.98
403.54
403.32
404.75
409.72
411.23
425.38
428.23
420.22
417.18
413.27
412.92
414.13
412.02
406.19
403.23
404.69
408.83
417.47
428.30
432.11
431.32
433.02
432.34
431.40
427.11
424.49
419.99
421.28
425.49
430.85
425.68
412.70
402.67
394.69
390.25
385.66
381.06
374.14
371.90
372.14
379.00
384.02
397.44
391.88
383.94
378.10
370.63
367.13
366.80
368.52
368.44
367.76
375.13
386.83
390.16
387.29
380.76
368.80
358.44
353.83
352.86
353.40
352.39
356.18
369.54
377.19
386.32
379.74
368.06
355.98
342.94
338.28
337.90
336.37
338.02
343.18
348.12
362.00
370.83
369.51
372.07
362.49
359.38
358.09
360.06
359.84
357.85
354.17
354.65
352.29
357.83
365.10
374.17
369.35
369.18
362.00
356.18
356.39
354.87
356.53
358.00
361.33
373.32
370.20
359.36
352.80
348.15
342.45
340.55
339.36
338.79
340.93
352.91
360.03
379.40
383.90
387.44
392.82
391.12
386.58
385.33
384.31
386.91
393.15
397.05
402.55
401.26
388.31
391.71
389.34
381.73
369.86
364.77
361.87
360.07
363.73
378.70
391.39
402.77
405.53
408.53
405.45
398.20
395.59
392.81
389.10
393.82
398.85
408.33
419.46
417.29
402.45
393.57
389.13
381.42
376.01
369.44
365.97
363.50
362.45
373.54
383.18
397.48
394.96
391.75
388.39
383.65
379.42
378.96
382.01
384.52
390.07
394.62
409.04
411.79
402.27
405.11
399.19
391.05
384.29
376.63
371.71
373.27
379.40
387.24
388.73
394.46
395.76
393.40
389.34
385.23
381.09
382.55
384.15
389.26
392.78
394.93
408.59
415.09
413.59
407.75
400.16
395.11
400.87
400.16
400.80
402.83
404.59
406.95
404.44
405.04
401.92
395.01
385.84
380.51
378.64
382.39
383.01
381.60
380.11
379.78
385.35
384.57
378.53
383.59
379.59
382.54
386.09
386.80
389.56
386.77
389.20
394.79
392.30
403.65
403.40
408.26
395.68
387.22
377.67
376.83
374.48
370.69
374.62
380.36
391.11
387.11
384.75
382.92
384.67
378.61
373.60
371.42
371.02
365.17
363.66
370.24
367.03
371.88
364.68
356.85
352.60
343.39
336.95
333.56
336.01
340.49
350.61
355.12
351.22
343.47
342.08
346.96
346.18
342.01
340.06
336.65
333.23
330.50
327.03
331.77
340.03
355.16
356.57
359.53
353.13
345.09
341.46
341.84
341.09
338.79
342.34
346.31
348.29
338.55
324.39
327.66
332.86
329.25
325.56
319.32
315.55
312.52
317.50
328.63
337.64
348.49
343.55
344.31
349.93
355.15
357.57
360.36
359.46
358.57
363.17
367.22
377.36
375.84
369.95
372.60
374.14
373.49
374.09
371.45
367.38
365.87
365.70
374.50
376.85
381.16
381.01
376.96
374.52
369.85
367.54
367.62
367.78
371.23
373.63
379.93
391.43
393.27
389.42
387.76
386.53
384.31
382.46
382.03
381.33
379.55
380.15
382.10
385.34
391.74
396.02
395.58
383.34
371.21
362.37
355.95
354.13
353.91
359.46
370.15
384.16
373.39
358.06
351.10
340.22
337.99
339.91
340.99
343.45
343.31
346.92
359.33
369.31
378.78
375.67
366.30
363.58
360.84
360.24
359.70
358.35
358.69
359.58
368.21
382.27
375.74
360.29
350.93
346.75
342.56
341.50
338.26
333.43
329.04
330.46
341.62
347.30
353.89
354.32
347.15
336.79
333.82
335.53
336.17
336.42
335.00
332.83
337.15
346.42
345.75
348.79
346.93
341.27
338.97
340.58
337.84
338.71
343.77
338.42
338.04
327.93
332.32
336.39
340.10
326.69
316.09
317.40
324.05
321.14
320.28
317.17
316.34
316.42
321.03
324.72
335.04
331.97
322.23
313.20
306.42
304.48
304.90
312.81
326.87
338.30
342.85
348.38
353.75
355.51
352.57
346.43
343.93
339.58
338.83
340.02
342.13
341.52
336.77
327.42
321.54
318.13
314.89
311.28
308.91
304.61
304.30
312.94
325.90
331.51
341.76
345.36
342.43
337.59
334.18
329.58
328.41
332.61
340.75
354.54
365.18
370.68
365.79
361.36
364.18
364.89
365.07
363.54
358.53
354.25
354.88
356.61
355.47
354.35
360.37
363.76
354.66
346.66
336.02
330.26
331.11
335.91
336.94
341.19
346.50
353.97
352.30
348.14
342.19
336.79
337.78
338.33
337.81
335.83
331.57
333.46
344.59
353.23
357.75
361.82
358.85
345.61
334.50
328.05
323.62
319.97
319.44
324.60
335.90
343.74
338.35
337.00
337.28
345.23
342.74
343.22
350.07
353.01
351.85
352.13
362.84
369.91
374.69
377.21
375.53
370.30
361.60
353.71
345.89
340.54
341.69
349.84
361.84
375.06
379.03
380.09
380.61
379.75
374.43
372.66
369.78
369.16
371.52
380.75
385.97
389.68
394.89
401.76
400.16
392.70
380.35
373.44
369.49
364.68
362.29
359.41
359.30
365.00
368.82
373.94
380.66
384.53
383.13
381.00
380.45
378.09
377.41
376.25
374.39
374.69
374.51
374.25
372.86
372.68
368.16
362.79
355.54
355.93
354.00
358.92
360.93
363.30
362.66
365.04
361.20
359.40
355.46
358.29
359.32
361.00
363.78
366.55
372.28
373.69
384.00
387.19
385.92
376.28
369.78
366.29
369.87
374.25
373.83
377.21
385.09
387.42
372.09
355.43
348.27
343.10
340.75
334.22
324.30
318.60
316.88
324.15
342.66
364.00
369.22
371.40
368.17
362.36
355.48
353.81
354.16
357.76
360.63
360.83
361.94
376.27
372.48
365.00
367.42
366.90
367.09
369.50
372.02
373.40
372.48
371.31
381.76
388.15
395.34
398.06
396.26
391.49
380.64
366.78
361.21
361.41
362.29
364.89
374.95
381.89
375.01
371.99
373.62
364.37
359.96
355.02
352.03
351.60
348.59
349.49
355.11
367.03
377.90
372.36
357.04
343.58
330.31
327.24
326.85
324.71
324.50
331.04
340.13
349.06
345.43
342.64
341.95
340.95
337.93
335.68
338.46
342.53
346.50
350.37
354.16
369.41
375.47
370.51
364.70
353.96
340.01
330.99
330.55
330.67
335.34
346.76
354.97
366.64
363.91
365.77
375.25
377.00
378.69
379.22
376.73
378.30
383.14
393.37
406.10
413.25
414.52
408.19
396.79
390.17
384.47
380.44
379.77
377.96
377.55
381.35
391.01
398.56
405.07
406.21
405.83
402.32
400.93
397.26
398.53
397.29
395.36
396.26
399.57
402.47
402.46
406.67
407.72
398.20
385.49
377.64
370.23
364.16
362.82
363.92
365.47
371.19
370.99
368.87
372.26
378.34
376.79
367.51
371.74
378.98
375.06
370.91
377.93
390.72
394.79
397.99
388.66
384.13
372.45
374.80
367.87
358.21
348.23
345.18
345.89
343.94
339.00
340.65
337.39
344.82
351.29
345.85
345.60
347.62
349.42
352.20
355.30
359.80
363.76
353.03
350.73
345.43
336.30
332.35
328.27
327.63
333.31
348.44
350.88
355.29
363.55
358.24
357.25
356.76
351.05
345.39
343.22
341.14
343.86
344.63
359.63
371.14
380.38
384.57
388.42
389.77
380.20
375.33
372.37
367.34
368.25
373.63
379.32
386.82
382.82
381.79
380.74
377.70
378.04
375.21
372.82
373.52
373.80
373.73
376.97
385.64
394.50
395.63
399.14
394.83
378.52
365.11
363.52
363.84
365.71
366.93
376.09
372.13
358.70
353.92
354.61
356.54
351.47
350.27
349.38
350.60
349.65
353.97
354.88
362.09
366.09
371.73
380.43
379.62
371.30
359.86
351.38
345.18
346.44
351.06
362.91
366.39
360.41
353.86
350.13
346.31
350.22
348.38
343.92
346.55
349.02
351.01
356.74
367.12
372.09
374.21
366.31
362.52
360.42
358.86
362.14
363.09
365.71
376.41
382.77
386.07
385.34
384.51
383.91
384.11
381.88
373.59
370.91
370.09
369.19
372.07
376.78
378.90
376.79
374.82
372.59
372.80
371.56
368.74
368.64
363.29
359.88
359.68
352.33
353.89
353.76
343.58
341.13
338.48
337.37
339.26
331.38
334.07
330.79
337.11
346.46
352.31
355.25
363.36
368.37
363.64
354.76
350.52
348.27
348.48
351.82
361.07
365.50
364.76
360.43
357.66
357.51
351.28
357.23
355.55
352.83
352.22
351.55
355.05
367.39
377.70
382.84
389.19
398.75
405.65
401.48
399.02
393.22
389.10
388.58
383.11
387.84
393.94
396.17
391.07
386.81
384.73
379.48
377.20
376.97
378.33
380.15
381.26
386.07
388.89
392.46
395.15
399.47
400.93
391.81
385.01
378.58
384.01
386.49
385.35
392.87
393.86
389.08
385.17
384.06
383.22
382.57
383.90
385.23
384.19
387.66
387.49
385.25
379.84
381.80
388.13
392.84
397.67
392.97
387.35
387.12
385.81
387.43
391.14
391.97
394.47
392.35
395.66
394.38
393.91
395.43
396.44
400.45
402.52
400.56
402.10
407.16
407.37
402.62
395.84
393.04
390.81
377.53
370.95
368.23
369.78
370.23
370.98
370.84
379.06
380.43
387.92
387.16
387.60
389.48
384.76
385.89
385.47
387.14
388.10
388.92
384.40
386.03
390.14
387.00
377.80
365.12
355.69
356.56
356.33
354.62
362.61
368.58
374.00
383.31
385.19
386.59
382.41
380.12
374.42
375.16
375.93
378.41
375.24
375.26
377.28
378.74
376.76
369.24
360.53
346.02
331.10
327.22
324.72
325.47
327.93
335.33
331.97
330.15
333.57
333.15
322.34
314.92
311.56
309.93
305.92
309.84
321.39
329.81
329.07
328.12
330.24
337.86
337.17
325.37
315.92
313.52
306.20
310.56
318.46
320.93
321.86
322.47
320.34
316.55
320.87
324.61
321.72
316.05
320.72
320.83
320.90
313.44
312.64
317.91
319.60
321.57
318.12
312.00
304.96
306.30
308.81
308.83
313.35
314.04
320.63
322.20
323.19
319.98
319.66
326.58
324.13
327.82
329.13
331.30
325.83
329.02
334.70
341.47
343.95
346.26
343.97
333.17
323.33
322.64
319.01
320.23
329.61
338.09
344.34
342.41
337.40
331.32
326.97
323.44
329.43
327.09
327.38
333.83
344.22
350.08
345.69
351.86
350.81
351.18
346.63
337.22
330.19
333.13
334.41
332.90
341.73
350.48
355.02
362.78
361.86
361.06
357.99
357.85
361.05
359.72
363.23
358.34
359.62
364.89
366.14
368.18
372.50
379.60
375.65
360.48
355.95
353.31
353.60
356.28
358.37
356.89
365.97
373.29
369.78
365.30
359.09
361.88
363.68
363.10
362.69
363.64
363.30
366.03
366.39
369.64
370.32
365.74
360.64
346.26
334.31
333.54
334.41
336.02
340.92
345.67
349.20
344.07
343.82
336.80
331.09
333.30
332.17
332.71
332.73
330.79
334.34
338.74
345.22
349.06
351.49
345.36
336.41
327.19
326.08
322.36
321.51
322.08
323.97
322.74
320.38
316.97
308.92
310.21
312.50
309.56
305.97
307.05
308.95
313.69
319.07
321.23
331.51
344.87
353.63
349.96
341.94
327.73
314.59
318.66
315.18
318.43
318.15
329.00
323.89
315.41
314.70
319.07
324.26
329.79
332.88
343.93
359.55
360.19
369.53
360.95
345.41
345.30
356.18
350.00
344.37
332.64
317.34
308.28
308.18
319.67
322.78
331.65
346.39
349.37
343.21
352.25
354.39
358.71
362.67
362.41
362.59
363.16
364.56
367.30
371.19
371.99
374.12
379.43
383.55
382.31
365.04
352.73
347.70
347.24
355.50
372.56
374.54
371.92
369.04
371.21
370.79
372.84
374.65
371.72
369.27
356.75
357.16
363.03
372.21
373.94
377.14
377.25
367.69
356.93
348.82
344.84
340.99
342.45
343.91
353.71
352.16
346.34
347.75
347.47
344.30
341.07
344.81
348.42
351.99
353.96
355.25
361.99
371.62
373.66
376.28
372.56
364.37
357.18
349.04
345.47
341.41
344.38
350.47
357.82
356.51
351.15
353.19
353.35
353.32
356.45
355.52
357.73
360.88
361.60
363.90
368.81
377.81
382.06
388.03
386.48
375.24
366.02
365.07
352.64
352.50
352.50
357.16
367.20
367.68
364.81
364.18
368.51
367.43
373.04
372.94
374.71
374.91
375.76
377.40
379.17
383.41
384.97
389.78
390.94
388.53
377.19
363.58
349.56
349.83
348.18
347.74
348.69
349.39
351.49
357.10
360.91
361.80
358.66
358.56
356.39
352.68
350.87
348.15
353.22
357.03
358.12
361.15
357.79
351.17
341.00
332.92
325.57
319.35
316.00
315.31
312.62
308.85
306.25
310.32
311.70
310.85
311.26
314.64
316.96
316.74
317.89
324.79
334.01
339.32
342.19
344.63
341.57
334.31
321.42
319.42
319.43
317.10
318.68
324.84
334.48
346.27
350.99
354.31
353.61
353.14
352.30
356.17
356.73
357.46
357.93
362.07
365.45
367.72
366.32
369.10
369.10
366.71
357.44
346.70
338.41
332.87
332.48
338.94
347.13
356.42
365.08
366.54
367.05
359.05
357.27
355.09
357.86
358.46
360.25
359.76
363.27
365.27
366.57
368.22
361.04
351.18
336.63
331.53
325.06
321.34
318.73
321.02
330.39
343.22
342.07
337.93
337.48
340.77
342.57
344.38
344.86
341.46
343.27
342.63
349.13
354.50
353.07
352.35
348.10
341.69
330.11
322.37
319.98
314.65
312.74
319.12
325.70
336.10
337.69
339.17
342.60
342.15
342.34
345.46
346.70
349.06
348.66
352.33
359.27
363.65
364.58
361.53
353.55
340.39
323.53
316.56
312.74
309.48
307.70
313.25
324.43
337.20
340.68
339.12
335.59
335.95
338.28
333.98
333.32
333.34
336.26
337.42
337.71
341.18
341.55
345.53
343.68
336.65
327.76
318.90
315.10
313.54
313.26
313.15
314.44
317.22
329.52
332.09
337.16
330.64
326.19
324.85
327.23
329.88
330.14
330.20
336.42
344.91
351.62
354.87
356.73
351.59
339.66
329.66
324.71
320.86
318.58
317.55
317.57
316.44
314.72
315.33
315.65
317.29
316.74
319.12
319.75
322.11
322.14
331.42
344.72
354.82
361.86
361.03
355.78
345.42
327.14
321.05
320.34
321.08
325.08
331.51
340.99
342.82
338.49
337.12
337.96
340.94
338.26
340.64
342.15
346.10
351.89
358.60
361.05
366.59
363.84
359.78
360.04
350.56
338.32
330.45
328.13
327.05
330.90
337.31
348.64
352.59
349.74
348.31
351.64
352.59
352.28
352.35
354.16
353.28
354.07
353.47
360.76
365.30
369.84
371.09
367.78
359.61
348.79
339.92
332.91
328.72
328.70
336.57
343.84
345.62
341.75
334.27
332.64
327.54
324.20
326.72
337.00
337.75
337.48
337.54
336.10
337.12
332.20
334.57
333.66
323.42
310.23
296.05
295.55
290.41
289.60
295.97
301.78
306.82
309.42
310.87
316.87
324.61
322.65
318.14
311.40
307.97
309.13
312.26
315.09
318.60
320.68
324.59
322.79
315.25
310.96
308.66
307.03
306.05
308.20
315.96
320.21
323.68
322.02
319.26
323.84
319.78
319.19
323.17
324.00
325.37
322.93
323.28
329.17
335.53
334.13
337.37
334.20
322.36
313.19
307.99
305.21
301.98
300.93
306.22
309.93
311.59
313.84
315.16
316.98
314.68
314.36
315.10
317.51
321.38
324.11
323.35
326.75
326.70
324.23
331.30
331.70
327.16
319.14
313.98
314.61
311.67
310.11
312.28
316.34
317.17
318.93
325.79
327.59
328.10
329.84
330.09
332.12
336.96
340.53
339.18
332.07
332.88
334.21
336.76
340.06
339.23
333.65
332.45
328.86
324.74
323.49
325.44
325.54
323.92
326.97
332.86
337.81
344.92
346.79
351.54
356.01
356.01
352.29
358.72
367.02
372.69
376.17
382.45
376.02
358.85
341.66
337.61
336.97
333.59
339.10
345.29
354.33
361.64
364.37
364.95
372.85
374.82
385.46
394.56
394.62
390.84
390.28
393.55
397.16
399.55
399.49
404.30
390.92
377.41
360.88
350.89
346.97
346.42
348.94
354.93
363.80
367.02
367.85
373.66
375.17
379.50
382.60
385.58
378.28
379.06
379.15
380.13
388.28
393.99
398.46
401.23
392.88
376.22
360.33
354.20
352.63
351.56
353.34
358.55
366.83
370.27
372.32
380.42
388.38
394.82
390.64
386.91
384.56
390.65
393.74
398.68
405.86
412.64
415.28
415.52
415.64
406.40
384.93
366.91
358.94
354.44
353.76
359.10
365.73
366.60
366.46
372.21
381.37
394.43
399.94
400.55
398.42
399.06
398.08
401.31
405.13
409.24
411.24
405.80
400.37
387.34
372.53
359.18
355.54
352.24
351.93
352.41
353.64
353.42
355.45
364.96
375.11
382.63
379.38
376.40
375.98
376.66
380.13
381.05
378.00
378.83
379.68
371.30
368.71
359.99
348.54
339.59
333.47
328.07
324.35
324.77
324.07
326.46
331.86
336.95
340.28
335.42
333.73
338.01
339.99
338.17
336.10
342.57
353.09
356.15
359.27
360.93
359.56
349.69
342.23
337.34
336.35
335.97
341.19
346.20
351.86
354.04
352.46
354.41
359.37
362.71
359.33
359.70
367.87
372.06
376.93
378.22
383.84
388.76
386.04
382.58
382.78
375.91
362.95
355.37
348.89
343.50
342.82
347.19
355.77
358.47
358.94
359.41
358.32
359.49
361.88
362.48
361.97
359.55
362.46
370.06
377.10
384.85
386.38
387.94
379.78
372.69
355.80
347.89
339.41
337.32
338.30
341.31
347.63
353.98
355.57
352.93
350.06
349.78
351.60
350.66
353.11
355.44
363.18
372.46
372.64
366.32
355.93
356.40
346.50
340.98
334.16
331.33
327.45
326.78
330.38
338.85
348.65
355.99
361.77
359.08
355.60
353.35
351.67
355.43
355.12
350.09
348.69
350.09
351.32
351.59
351.37
348.65
348.89
344.99
339.47
338.57
338.39
339.66
340.66
342.72
347.64
347.80
346.84
344.40
346.37
348.88
349.98
351.31
349.49
352.30
351.50
356.47
363.49
368.86
370.84
370.64
372.74
364.26
351.74
343.50
339.46
334.98
332.28
334.33
335.91
331.23
327.32
333.38
335.44
339.46
341.38
346.32
353.03
351.11
359.47
366.58
373.26
379.05
378.36
376.07
372.80
366.25
352.60
342.73
340.72
338.91
338.68
338.20
333.74
324.92
324.65
325.67
331.54
336.39
337.80
340.96
339.25
339.82
339.10
339.13
342.57
342.34
344.60
345.40
344.89
340.59
337.14
335.99
334.79
334.58
336.78
346.91
350.14
357.72
366.13
363.79
360.96
358.09
355.69
357.42
352.64
350.80
347.70
346.69
345.94
346.79
351.08
356.49
361.20
354.02
345.92
338.82
332.36
330.55
330.63
332.47
341.25
347.02
350.98
351.83
349.87
351.21
348.74
348.33
345.60
343.89
342.40
344.21
350.59
359.17
357.82
346.35
345.68
347.38
344.82
343.64
344.83
346.00
348.06
353.99
360.30
361.71
360.70
361.79
360.78
359.89
361.81
371.28
373.47
367.75
358.93
357.51
364.31
373.76
375.73
378.91
382.30
375.29
363.81
354.33
347.83
340.93
340.20
346.08
351.27
351.53
352.62
355.64
357.88
358.55
361.79
360.70
353.05
350.61
348.77
350.22
355.46
354.28
353.43
356.72
355.88
348.42
340.93
339.68
338.39
335.68
335.49
340.03
345.20
348.05
350.12
349.67
350.97
343.55
338.67
336.86
334.17
336.60
340.01
340.93
342.12
341.90
348.02
357.24
355.58
348.77
340.98
330.48
328.04
323.05
321.47
323.38
323.87
320.93
318.09
320.41
327.20
328.57
329.35
330.78
333.96
329.48
332.64
329.12
340.48
352.08
352.86
358.67
362.00
350.36
335.50
329.15
326.01
321.76
321.09
322.15
313.75
305.03
308.87
312.08
315.01
318.72
325.07
330.04
337.55
338.68
343.83
349.66
354.15
362.99
362.77
367.21
375.64
363.43
350.71
344.95
341.66
337.92
339.43
343.53
345.04
345.88
349.90
356.22
355.26
355.66
359.06
369.66
379.91
387.14
389.64
394.73
395.17
395.34
388.95
380.05
368.68
359.44
353.57
349.72
349.25
344.94
345.49
349.23
355.58
362.47
370.64
375.90
375.29
369.27
363.40
363.06
369.41
368.11
371.83
376.47
375.49
371.37
366.63
367.85
362.85
358.24
351.02
345.23
338.97
338.12
338.16
340.58
344.31
350.78
359.50
364.59
365.21
364.09
364.45
360.96
362.38
364.57
369.64
374.28
379.17
377.26
375.51
372.69
369.03
362.59
352.07
342.49
339.46
338.34
341.37
347.36
358.46
361.91
367.27
368.12
373.12
372.31
374.73
380.89
381.17
373.79
365.71
361.41
358.84
361.18
366.01
377.76
378.86
370.94
364.23
357.40
354.79
351.80
352.74
355.88
360.28
367.62
372.83
374.88
378.19
375.78
379.35
374.02
374.45
375.56
378.34
380.05
384.59
384.90
389.09
392.00
389.34
384.74
372.60
361.50
356.18
351.53
347.89
348.50
348.64
347.92
352.22
354.53
356.54
358.56
362.98
359.99
364.39
370.95
378.50
384.90
388.95
391.99
391.02
382.07
377.35
371.43
358.83
348.42
343.84
339.35
337.85
336.71
337.46
330.87
335.78
343.02
342.90
346.23
344.53
346.25
345.19
351.28
360.90
365.17
372.56
377.39
372.08
366.10
371.25
370.35
358.45
350.29
343.74
338.69
339.53
341.73
349.23
352.29
360.23
361.65
359.40
355.42
359.46
364.74
364.56
364.24
363.79
370.62
374.20
378.58
379.62
384.04
385.41
377.11
366.96
358.63
356.75
360.11
361.31
366.80
374.36
377.41
377.74
376.24
374.50
379.53
380.86
381.62
387.56
389.22
386.78
386.42
387.78
396.97
394.98
397.61
404.90
395.57
378.51
368.68
365.57
360.36
357.52
360.51
366.18
371.15
374.57
381.94
381.71
383.61
389.86
390.35
395.23
394.53
393.33
401.43
405.83
415.19
426.37
423.80
413.89
399.49
388.33
379.05
373.01
370.66
370.53
374.06
379.75
383.78
384.38
389.62
395.86
397.65
406.16
410.66
407.78
408.34
410.43
413.75
418.63
420.76
421.27
432.09
435.01
426.12
410.92
400.28
392.70
388.65
387.28
390.07
394.83
397.65
401.34
410.31
415.69
425.18
429.25
418.27
426.14
432.17
434.68
439.61
443.05
447.44
451.13
455.79
455.73
444.80
428.73
412.33
406.36
400.16
394.35
388.94
382.33
380.26
383.58
388.81
394.04
400.56
407.57
405.83
408.36
415.62
420.14
429.47
422.82
425.41
418.87
420.84
416.81
410.52
403.32
398.41
393.85
390.78
387.05
385.54
383.06
377.28
375.51
380.25
382.80
386.75
394.45
400.96
404.40
404.31
412.52
418.50
423.54
430.75
425.91
418.74
421.50
415.54
401.74
394.70
390.26
386.18
384.85
385.86
388.93
389.68
396.79
404.62
407.89
408.10
405.64
404.82
413.95
415.87
422.53
425.82
427.34
436.79
442.93
438.22
439.06
433.80
416.18
399.17
393.59
388.82
386.19
385.44
384.05
380.56
379.75
384.45
394.09
406.03
417.32
422.32
416.48
415.51
419.76
429.79
433.45
438.98
444.57
447.88
446.52
445.50
429.24
406.71
395.42
390.00
389.65
392.02
396.51
401.61
415.34
427.17
437.23
442.76
448.04
447.23
448.35
442.48
440.81
441.20
446.06
447.85
456.75
462.16
461.72
455.33
444.76
428.09
414.85
407.71
404.79
405.34
409.06
417.61
424.63
432.26
441.00
444.54
437.76
434.50
435.90
437.30
437.51
435.94
441.22
448.26
454.20
459.20
457.78
451.05
430.67
411.74
400.72
394.68
394.47
396.51
405.60
410.95
412.35
422.55
426.72
430.82
434.61
433.38
431.69
433.50
437.39
438.93
443.27
441.95
446.46
451.28
452.70
448.80
429.99
408.93
395.49
385.23
380.85
380.76
380.94
378.20
376.34
381.53
392.59
397.85
401.10
404.55
404.60
413.10
417.34
416.66
417.98
415.38
419.63
419.47
421.47
413.85
401.59
393.95
386.62
383.05
379.55
378.62
377.55
376.85
377.42
381.81
384.92
392.24
403.33
410.26
419.57
416.66
407.23
402.82
405.21
409.92
420.77
427.80
421.11
408.09
394.21
386.77
380.19
379.19
379.35
381.87
384.64
387.75
391.91
394.78
401.13
406.61
413.63
421.72
421.44
422.51
425.22
426.22
426.73
429.72
431.85
435.37
431.64
414.60
396.01
383.25
377.84
371.68
371.93
374.61
379.69
381.94
383.22
392.08
400.88
405.89
409.12
410.59
413.16
417.08
419.14
420.70
425.80
431.86
436.08
440.93
438.44
429.03
414.34
397.13
388.21
381.44
377.05
376.28
380.14
381.51
384.56
390.74
396.08
403.34
407.38
412.79
412.60
409.78
415.87
420.88
425.96
433.50
429.12
426.23
428.26
423.72
411.78
401.93
395.33
390.25
390.76
395.02
403.49
410.20
414.79
417.87
423.07
432.16
435.54
435.10
438.39
437.79
442.93
448.49
450.06
452.97
455.29
460.25
462.93
458.54
449.72
431.39
417.14
406.64
400.88
401.96
408.98
419.11
428.53
433.57
432.16
431.20
434.00
435.18
436.66
435.92
435.47
437.71
435.86
442.08
447.63
450.94
442.51
438.18
425.75
404.76
392.02
386.50
389.01
391.86
392.54
392.27
394.76
405.75
412.08
418.29
423.39
423.39
423.10
419.18
417.19
412.71
414.14
415.14
416.93
421.03
422.19
414.60
407.66
397.74
396.85
392.45
387.89
386.54
386.77
387.72
389.58
391.90
397.32
399.77
402.21
406.10
402.53
391.38
395.71
401.63
411.20
420.15
419.90
415.18
415.79
405.63
392.78
383.55
380.44
381.59
384.91
388.50
394.99
401.16
405.55
413.03
415.60
422.22
429.68
429.54
431.46
431.18
430.49
436.02
439.98
443.30
448.04
445.30
440.85
429.59
418.64
411.58
408.09
403.81
405.02
406.22
409.11
410.31
407.81
411.14
417.21
423.88
429.38
428.66
428.08
434.82
434.83
440.17
448.77
452.11
455.29
453.69
446.96
436.84
426.64
419.05
415.65
413.30
412.37
414.34
417.40
417.30
419.75
429.28
434.10
435.43
440.62
442.22
438.21
435.11
435.01
441.74
448.17
453.80
456.06
458.89
460.49
457.54
441.33
426.83
417.83
412.36
409.37
410.68
414.43
417.93
421.54
430.20
433.54
439.24
442.81
436.16
435.37
432.65
431.45
431.98
433.89
437.32
441.15
449.30
439.67
429.78
416.47
403.45
402.12
399.38
398.66
400.67
401.60
401.64
402.73
410.23
414.26
418.34
425.80
424.20
425.47
424.80
428.36
433.81
438.26
441.63
444.76
452.08
453.47
439.41
429.93
419.07
409.80
403.69
399.04
395.64
391.84
389.38
392.70
400.20
400.00
400.32
405.83
408.10
403.03
401.77
407.97
417.34
419.81
421.44
426.19
434.36
435.09
425.01
407.51
393.38
386.51
384.62
384.80
383.06
381.61
378.96
376.52
379.01
384.17
390.62
403.00
412.17
411.18
408.10
418.73
423.39
430.52
436.57
437.42
442.84
443.44
436.29
425.05
417.44
413.80
410.85
410.98
414.29
416.92
420.07
422.72
424.01
423.17
423.82
429.46
434.47
438.51
442.08
445.09
449.07
452.67
455.54
459.55
458.12
455.92
448.93
438.73
425.71
421.02
418.27
418.11
419.75
421.54
421.64
420.72
422.88
426.87
432.40
436.52
435.75
439.37
440.99
442.90
448.62
454.19
462.64
462.91
462.06
456.73
444.21
429.23
416.16
413.04
410.61
410.35
410.70
410.29
407.89
406.56
412.23
419.53
426.35
431.95
431.64
431.62
438.96
446.10
448.04
453.43
460.77
459.53
456.95
456.99
456.22
456.00
445.19
435.14
431.58
429.93
433.87
443.81
446.95
443.55
445.86
454.99
458.75
461.83
463.39
466.37
467.18
470.05
472.35
477.59
482.99
482.20
480.83
476.92
468.93
464.80
452.51
436.82
426.76
423.17
419.58
423.19
424.63
428.79
436.51
439.42
443.25
446.22
445.80
448.85
451.42
453.96
459.78
462.15
466.65
457.42
450.65
447.26
435.39
427.33
418.74
419.00
417.03
417.86
418.61
414.07
410.73
411.54
410.48
415.29
421.03
421.27
416.08
422.21
425.73
428.54
427.36
428.66
431.32
436.43
437.98
436.90
429.37
423.03
416.97
413.57
408.73
404.88
401.09
400.61
396.18
388.45
389.14
391.92
393.61
402.20
409.67
407.11
410.32
416.10
422.32
434.62
436.63
439.71
440.76
438.32
429.62
419.96
410.98
406.97
404.54
404.43
407.23
412.46
412.99
409.55
410.88
420.49
427.68
432.11
433.43
425.28
425.95
431.98
438.99
445.83
448.34
451.03
457.31
453.03
435.56
419.94
411.86
408.98
407.12
407.08
408.44
414.24
413.13
408.90
407.68
408.86
412.59
418.27
416.10
418.42
423.78
424.21
432.58
437.11
444.83
447.96
454.30
448.34
430.25
414.92
404.78
401.57
397.96
396.92
398.73
402.06
403.99
404.91
409.33
414.82
416.98
419.53
425.80
426.30
428.16
428.65
436.94
442.95
447.37
446.90
451.16
454.15
437.71
419.69
410.09
410.09
406.54
406.67
409.66
416.10
416.27
415.05
414.46
416.15
420.25
428.45
427.32
427.10
428.80
430.39
432.85
436.23
438.45
440.76
442.90
442.53
436.82
425.74
414.09
412.33
409.89
409.29
410.70
416.34
418.81
420.38
424.30
430.87
434.89
435.14
431.43
430.29
429.75
430.00
430.91
433.23
433.23
431.75
433.17
428.37
424.74
414.44
396.63
390.30
382.33
378.34
375.44
375.45
372.70
371.02
372.13
379.14
381.44
385.79
383.90
382.69
379.97
381.94
389.36
392.84
398.67
403.99
408.41
404.22
397.60
392.14
386.16
382.32
380.13
380.09
380.20
380.14
378.63
376.65
378.95
385.24
387.75
392.55
401.28
405.54
409.21
412.85
417.25
423.38
423.19
424.27
421.80
423.74
420.03
411.94
405.30
400.23
396.69
395.12
398.92
407.97
408.22
406.31
404.26
403.02
408.75
409.52
412.16
414.68
408.68
408.87
406.58
410.45
417.45
418.96
422.18
423.55
416.53
399.43
388.61
386.14
381.91
381.93
385.34
395.68
395.03
392.44
392.52
398.41
405.57
408.23
404.80
404.05
408.49
408.73
413.74
425.83
432.66
431.17
437.53
434.02
414.57
397.27
390.07
386.67
383.76
384.43
388.73
399.17
397.96
394.91
397.59
402.94
407.97
411.28
409.65
411.21
415.06
417.48
424.28
428.28
432.29
428.46
431.57
439.71
433.90
415.30
412.85
406.84
402.75
402.78
407.64
419.36
425.29
430.29
432.74
431.80
435.13
433.19
428.64
423.11
422.17
417.35
415.86
416.89
427.24
435.23
443.41
438.94
425.43
404.21
390.11
388.85
382.36
381.80
385.94
393.85
392.24
388.06
389.42
394.27
398.79
400.49
400.87
402.43
405.22
410.02
418.83
425.39
433.14
439.00
440.19
438.52
431.09
418.63
403.69
393.34
387.74
383.45
380.84
381.21
375.52
374.45
385.43
388.41
395.24
402.38
407.78
407.20
407.32
413.73
422.86
426.35
430.23
433.97
435.60
439.33
431.37
416.19
400.07
391.38
387.00
384.96
382.44
380.77
378.26
376.69
385.42
391.40
399.49
405.35
407.70
408.99
411.49
418.45
427.47
433.80
441.07
441.86
440.39
436.31
428.09
421.24
412.90
404.40
397.46
396.36
400.95
412.65
420.81
421.09
425.58
431.89
436.72
429.35
430.43
433.57
431.87
432.01
428.46
426.94
427.46
433.25
436.73
432.74
424.91
406.60
395.22
388.44
383.91
382.57
383.57
395.66
404.31
405.48
407.67
409.23
409.77
409.27
412.77
416.39
413.25
419.33
421.47
421.49
426.93
431.62
438.81
435.82
428.46
414.69
405.61
401.24
400.09
398.74
400.12
403.89
404.46
400.56
401.00
405.57
411.59
413.51
412.05
410.48
409.98
408.11
408.81
413.09
418.08
421.79
422.40
415.83
398.25
383.86
376.56
372.42
368.56
365.52
366.35
371.01
373.24
375.33
383.81
390.47
393.40
398.48
397.17
399.50
404.06
403.32
404.89
406.59
417.02
424.50
428.91
424.19
417.60
408.77
404.43
400.87
399.10
400.42
402.41
406.61
403.93
395.84
393.16
396.09
396.09
403.93
403.25
399.93
396.49
397.54
400.78
403.49
410.89
412.83
412.68
412.68
412.68
407.40
384.76
380.78
377.82
375.01
374.25
376.20
374.23
367.23
364.04
369.83
371.18
373.15
377.21
375.91
375.92
384.27
391.64
403.23
410.24
408.30
411.13
403.29
399.86
393.32
390.30
388.14
386.95
386.09
387.89
390.79
391.08
388.60
394.18
401.68
408.64
416.35
424.83
428.37
431.84
440.25
449.22
458.89
469.91
474.02
474.80
466.62
452.69
433.58
419.25
416.20
414.86
413.58
415.29
421.33
421.04
420.84
428.75
438.03
441.97
444.71
446.97
452.15
453.82
457.43
460.68
467.34
469.00
464.07
460.07
457.82
447.32
438.56
429.78
422.77
418.60
417.44
419.20
427.77
431.19
436.45
436.09
434.39
437.44
441.40
447.14
449.36
450.56
452.23
460.27
467.10
470.85
477.82
474.32
458.20
444.19
426.21
412.74
408.11
403.98
401.35
402.58
408.74
411.17
404.12
406.76
415.71
419.80
425.17
426.19
430.35
435.57
439.16
443.80
449.09
456.62
465.20
463.52
448.39
438.59
424.78
409.21
405.48
404.54
404.54
404.54
418.93
428.65
427.46
433.91
434.23
430.33
431.96
432.06
435.15
435.68
439.09
445.10
452.50
460.55
463.15
463.83
449.43
443.97
431.15
414.55
411.73
412.76
414.06
419.86
428.74
430.57
435.34
436.29
434.53
436.38
432.58
433.36
443.66
446.33
451.50
456.75
462.48
465.69
468.43
471.58
463.52
455.83
444.09
430.64
422.76
414.27
411.01
408.15
408.84
407.38
408.50
418.86
420.09
418.62
421.24
416.22
413.56
418.93
420.43
420.91
425.92
430.74
431.14
433.93
422.65
415.87
405.01
395.38
388.49
383.03
376.73
376.24
377.80
377.17
380.78
390.74
396.97
395.71
399.67
398.54
400.86
404.01
408.49
411.69
415.74
422.29
422.46
423.55
414.63
401.48
387.89
379.59
378.34
379.54
381.57
387.53
401.83
408.04
407.68
407.55
411.34
412.26
415.70
410.27
411.62
410.10
412.77
416.22
422.57
422.02
431.79
437.56
431.65
424.45
411.83
399.38
393.00
387.77
387.38
388.71
396.74
403.84
403.02
405.79
410.10
411.78
410.71
407.97
409.73
414.24
419.67
421.07
425.94
425.70
428.04
425.69
418.17
411.95
406.53
399.27
390.10
385.56
385.03
386.74
397.56
401.60
396.25
395.35
394.74
397.13
396.97
395.31
396.47
402.08
405.73
406.27
410.67
415.18
416.55
409.77
404.22
399.47
392.46
384.54
381.80
381.16
383.40
387.16
393.29
397.13
397.94
399.15
399.91
398.12
397.05
399.30
402.27
397.66
397.97
402.75
411.97
420.70
419.22
416.19
406.30
393.65
380.24
373.49
373.92
371.97
376.01
380.33
385.97
386.38
379.39
379.55
384.46
385.56
390.04
398.61
407.35
412.20
412.50
416.40
421.16
425.76
427.12
428.18
417.35
399.47
386.47
377.64
376.90
375.88
374.06
374.67
376.58
376.25
369.21
369.87
376.51
375.67
386.33
399.61
399.17
399.30
405.48
416.17
433.23
437.98
436.52
435.80
428.31
413.91
401.04
390.06
382.63
378.33
377.93
379.17
382.69
382.68
374.12
379.69
387.43
396.89
407.46
414.60
414.54
418.53
424.11
428.49
437.95
449.78
448.53
443.61
431.97
424.18
420.96
418.27
415.87
410.72
407.71
407.92
411.77
412.51
409.86
411.76
422.31
435.07
446.39
454.27
450.83
451.20
449.90
455.67
465.50
472.08
469.52
459.95
451.30
443.87
429.49
421.78
419.14
416.73
419.53
423.95
432.17
431.45
428.47
432.98
437.84
445.14
446.68
444.84
446.97
450.47
451.04
455.20
464.68
468.42
466.35
465.26
467.43
464.57
449.32
437.27
429.19
426.74
424.46
424.70
433.44
444.00
447.39
448.62
447.94
447.14
444.95
443.26
445.29
445.40
450.06
456.81
461.65
467.50
471.94
473.37
472.26
464.67
447.59
434.10
425.46
421.43
417.27
420.66
432.69
440.86
437.78
435.89
437.08
440.04
433.77
440.98
441.49
440.27
442.04
444.25
445.63
444.83
439.52
437.18
438.17
435.12
425.51
412.13
403.95
401.16
400.85
402.99
411.09
416.70
413.38
410.42
410.82
410.24
406.17
416.27
415.74
414.25
412.60
411.81
415.94
416.67
419.49
420.67
417.29
411.35
398.92
383.97
376.70
371.64
368.88
367.85
367.63
367.74
367.47
374.45
379.78
381.34
390.26
391.49
390.57
391.88
387.58
383.96
382.66
381.47
384.19
388.20
388.93
386.30
380.01
370.24
365.76
366.06
366.66
367.94
369.80
368.98
367.91
371.38
379.85
377.15
377.64
384.01
382.09
385.54
393.37
404.36
412.67
418.93
416.35
417.88
414.73
404.28
388.58
374.47
367.80
364.53
363.30
367.44
382.26
390.23
386.24
383.81
391.11
393.05
392.68
395.84
398.55
396.52
398.01
403.82
411.41
410.23
409.29
406.46
402.86
391.63
381.28
375.18
368.55
365.08
363.42
367.27
378.72
383.27
379.88
380.95
376.23
372.91
377.50
383.90
389.70
392.80
391.83
393.26
399.83
398.70
399.93
404.49
398.24
386.91
381.20
371.77
367.43
362.63
362.51
370.73
383.60
391.43
387.43
383.48
381.53
377.46
378.84
374.24
375.05
377.34
381.20
385.88
393.20
399.37
404.73
402.36
393.98
378.20
364.35
353.88
348.97
345.65
345.83
355.10
367.20
375.29
366.16
358.13
360.06
358.64
365.84
366.01
367.04
369.06
370.37
375.82
381.10
383.74
383.33
382.29
376.47
358.78
345.62
342.12
337.57
333.17
333.40
340.30
350.90
359.48
351.76
347.12
346.61
345.10
346.30
350.79
349.48
350.63
351.22
360.61
374.78
381.23
381.23
377.83
373.73
370.61
356.48
345.87
343.35
339.88
340.11
340.26
344.37
348.08
338.22
333.91
337.80
336.70
342.00
345.04
345.53
343.07
348.96
351.65
363.59
367.32
365.75
366.17
363.54
359.89
350.74
343.99
344.72
342.01
340.54
339.34
339.56
340.61
335.40
336.26
336.67
335.45
340.88
346.06
351.09
350.58
350.37
353.18
355.22
363.02
369.72
368.37
371.52
360.38
354.98
349.00
344.75
341.49
342.55
346.04
362.30
373.68
373.30
372.22
368.16
362.50
360.41
358.95
359.33
354.90
354.76
356.58
369.88
377.11
379.21
379.77
373.78
363.41
347.40
337.68
333.78
333.53
332.22
336.42
347.04
355.82
344.08
343.81
346.91
343.72
347.10
352.67
348.31
344.47
342.98
347.94
362.14
367.05
364.71
366.93
360.23
350.04
342.75
334.96
336.78
336.33
337.02
340.70
353.40
365.32
361.96
361.14
367.72
369.32
372.26
377.72
372.57
371.65
373.42
380.29
393.73
396.13
397.97
396.03
388.53
380.42
365.84
355.40
349.45
345.50
344.99
347.47
360.46
368.84
368.06
364.96
364.57
363.89
364.66
363.94
366.00
372.27
378.34
381.28
386.90
387.50
391.46
396.04
389.88
379.34
366.19
354.34
346.51
341.13
339.88
341.84
354.26
363.42
362.75
364.96
364.41
362.00
357.93
368.46
372.38
371.60
372.18
374.04
372.84
374.04
370.41
360.35
351.76
345.13
331.73
325.91
320.96
318.61
318.35
319.99
323.32
324.95
325.87
338.89
348.67
350.02
350.62
348.76
341.80
338.77
339.12
338.84
344.38
348.55
338.67
331.33
326.07
319.87
310.94
305.09
305.52
308.94
313.09
316.18
317.30
321.70
317.29
318.75
328.20
334.16
346.04
349.14
349.21
351.24
348.68
348.36
352.61
354.61
352.27
350.01
352.89
356.89
353.92
344.17
342.06
342.89
343.30
352.44
362.51
367.62
368.81
377.47
382.37
381.63
376.81
372.82
377.71
380.98
381.42
381.52
383.40
385.17
386.04
383.36
378.23
373.09
355.58
338.52
335.15
333.50
334.98
341.95
357.15
366.97
370.91
375.45
377.25
376.24
373.23
368.94
372.01
376.83
377.53
373.48
374.33
375.42
377.15
372.87
365.05
356.63
345.12
337.68
336.28
329.86
330.65
337.04
347.23
361.00
368.06
366.74
363.49
359.84
358.40
361.47
363.38
364.72
360.50
361.03
361.30
363.90
368.53
365.12
359.74
356.35
346.14
336.59
335.38
332.13
332.37
337.66
349.65
361.74
365.32
362.96
360.82
363.53
368.18
369.91
371.94
372.90
368.91
364.24
365.28
368.60
370.11
370.52
371.82
370.43
360.02
351.19
345.93
340.73
340.83
347.88
362.57
371.55
375.28
379.19
375.35
373.57
374.48
374.42
372.90
373.95
373.20
370.93
372.23
374.19
374.87
366.97
362.73
361.27
353.00
345.60
344.77
341.81
339.25
338.68
348.15
357.41
358.44
360.80
360.39
366.08
370.51
377.32
375.70
374.56
376.56
376.81
384.06
388.51
383.15
371.13
367.87
366.09
358.44
351.69
343.22
340.86
339.61
340.84
341.52
341.91
336.51
333.62
339.51
346.90
358.28
369.93
375.28
375.40
378.78
387.11
396.00
397.36
399.17
398.06
395.64
387.18
370.95
355.09
351.36
351.27
352.82
359.27
374.73
386.40
380.62
374.60
378.34
385.17
392.72
396.06
400.42
399.33
403.10
408.79
417.24
419.83
417.91
414.84
407.67
392.96
376.88
364.14
357.40
356.18
356.07
360.47
375.82
389.32
388.73
378.70
381.23
386.53
386.42
390.79
397.34
399.14
399.36
406.53
419.44
421.48
417.27
404.64
397.12
382.80
366.65
354.59
351.22
348.67
347.49
348.05
360.66
374.64
373.39
368.45
372.02
371.12
369.10
373.02
376.79
380.86
385.00
388.82
395.80
398.89
396.97
395.03
384.45
373.41
362.17
353.41
346.43
340.94
338.95
345.01
364.78
377.86
379.08
367.68
363.80
364.75
371.79
367.09
367.63
372.85
371.70
375.36
382.71
385.01
386.20
381.10
371.24
357.68
342.04
332.26
323.33
318.74
321.46
328.78
330.75
343.19
359.40
360.15
361.57
362.41
359.54
354.26
352.14
345.97
341.64
343.19
344.24
344.38
342.16
339.30
331.26
324.16
310.07
299.83
296.07
290.83
287.91
287.87
296.41
304.29
311.89
318.60
313.24
309.62
304.92
300.69
295.32
289.66
286.47
292.28
301.61
310.82
318.40
318.08
318.80
315.52
306.32
302.48
299.15
297.93
296.96
299.24
302.16
310.00
307.54
301.87
300.08
299.69
299.62
304.00
304.76
303.55
307.89
314.17
322.69
330.43
334.47
332.30
332.14
324.46
316.93
316.88
318.75
318.67
326.24
332.64
334.29
343.36
346.28
339.81
339.80
337.56
334.39
331.99
333.12
329.01
330.29
334.66
342.73
354.17
359.45
359.74
356.84
354.10
338.11
331.33
328.27
329.32
331.37
334.99
330.49
338.86
340.81
336.57
335.37
327.91
318.73
323.76
325.54
327.13
326.62
331.19
343.59
355.12
361.84
362.94
358.70
356.44
347.60
345.42
339.26
336.50
338.87
339.27
341.74
351.44
351.75
348.63
346.54
344.14
344.05
340.93
343.75
351.81
351.89
347.29
358.67
363.20
356.44
353.02
343.11
336.64
332.04
327.26
322.88
319.78
330.44
332.28
338.58
349.75
364.73
364.78
359.34
357.38
353.80
352.03
345.27
339.53
331.59
334.97
345.16
348.53
345.82
344.89
339.79
330.93
318.63
310.30
306.37
305.31
303.52
309.65
315.06
324.08
326.89
323.70
323.02
322.65
324.16
327.11
334.89
339.19
327.92
332.50
338.25
343.99
347.13
345.45
343.47
338.32
332.96
322.14
314.72
315.94
316.69
314.17
312.39
310.79
320.19
325.18
327.61
327.28
329.05
330.28
326.95
324.06
321.31
316.27
318.01
326.75
331.43
333.14
330.44
321.11
315.24
308.54
305.30
303.66
302.16
300.21
299.81
309.30
312.30
307.22
307.10
305.64
308.80
311.07
310.31
311.03
305.86
313.96
323.59
340.12
338.86
334.59
328.81
324.74
321.92
315.03
312.37
312.36
314.45
318.91
323.92
336.16
345.61
343.76
344.99
348.46
352.48
352.92
349.66
349.00
348.33
348.51
352.31
359.04
362.36
366.08
362.59
357.88
355.48
347.11
346.87
345.59
347.91
346.93
345.95
351.59
352.36
348.54
346.57
348.53
350.52
354.03
353.92
355.55
353.50
347.94
354.51
358.05
361.59
361.49
354.74
341.79
328.49
319.30
310.23
309.15
310.42
312.14
320.61
330.42
334.51
333.26
329.57
328.39
327.74
324.84
322.57
324.93
324.77
324.74
331.55
332.77
335.11
339.54
337.31
327.80
319.95
314.70
313.60
315.77
323.24
331.13
338.96
350.41
356.44
350.15
348.26
350.53
350.08
348.81
348.16
348.35
344.68
341.68
345.26
350.10
351.37
349.83
346.29
340.68
331.38
324.67
319.32
317.26
316.21
326.34
334.22
340.55
347.46
350.90
348.55
347.26
347.00
340.82
336.81
336.54
335.97
339.94
348.11
355.20
358.22
359.37
362.06
358.72
350.83
341.68
339.24
335.37
331.07
330.05
329.71
324.80
323.68
313.42
311.74
313.76
309.41
303.08
300.28
292.37
291.68
302.24
313.55
319.19
322.74
321.49
317.61
319.37
316.92
318.76
317.15
319.37
323.97
326.52
331.45
336.80
337.91
334.21
330.83
333.24
334.36
331.22
330.25
329.24
330.37
343.09
356.39
364.67
363.72
359.38
356.05
350.72
345.64
339.41
334.53
337.11
341.70
341.53
347.10
355.60
355.55
347.25
347.83
347.40
345.30
343.77
342.99
342.54
344.97
354.94
362.85
363.01
359.80
357.26
354.62
344.81
336.78
335.07
331.29
329.15
325.30
331.44
338.54
346.75
347.02
340.34
344.35
348.66
351.13
352.05
346.50
342.04
350.37
355.41
360.60
362.84
363.26
363.08
354.73
344.54
338.10
332.12
333.08
334.15
341.42
346.71
351.71
360.06
360.76
355.54
353.02
350.70
347.82
353.88
357.99
362.63
366.18
369.16
372.78
374.04
373.83
376.21
370.36
354.57
340.82
333.73
329.30
320.83
314.89
322.47
332.14
344.00
346.78
340.81
339.61
339.28
340.68
340.19
342.77
351.73
358.75
364.67
365.30
364.67
360.74
364.58
354.77
340.45
325.40
315.32
307.11
305.03
309.66
320.42
332.74
343.48
349.50
347.81
351.62
354.22
357.15
358.69
360.13
358.33
360.65
367.54
366.97
363.68
355.26
344.75
345.64
341.66
330.87
328.02
323.83
328.28
328.83
329.18
339.51
348.13
349.55
346.67
346.29
351.54
357.80
361.36
360.94
357.27
361.98
371.86
377.96
376.28
372.40
375.23
374.52
373.83
368.10
359.74
356.70
341.48
335.78
335.92
338.07
339.85
347.76
348.02
347.90
350.49
363.47
368.20
368.24
366.48
366.62
371.30
376.85
378.98
376.24
374.44
375.96
371.76
354.34
340.95
336.01
335.01
339.89
347.85
357.57
361.27
373.84
376.58
378.67
382.80
382.93
380.50
378.08
372.21
369.56
375.40
386.63
391.03
390.40
386.16
383.81
379.72
371.58
373.59
376.85
378.15
381.41
383.01
382.17
389.08
398.73
395.83
393.55
380.48
376.55
376.97
375.88
374.14
372.20
367.25
366.86
367.92
372.84
376.57
378.01
379.08
376.37
377.08
376.44
378.95
386.91
391.88
393.93
405.35
409.67
403.35
399.54
397.11
391.10
386.55
381.68
377.17
377.78
385.07
399.02
405.62
396.92
395.62
397.79
398.91
391.15
390.54
392.22
390.01
386.54
383.18
385.13
393.33
393.32
382.96
378.74
375.40
371.35
367.06
355.81
348.14
349.87
363.14
379.11
384.37
386.16
383.04
379.41
370.84
361.07
356.11
355.81
354.48
351.90
351.52
354.00
366.73
374.67
363.26
356.12
355.72
349.41
344.71
339.48
336.78
344.09
357.19
362.48
363.78
365.13
366.08
364.86
364.57
358.00
354.69
358.91
363.20
367.74
371.59
369.01
368.06
372.74
363.52
362.48
364.68
359.88
356.23
356.13
354.60
356.62
362.60
371.56
375.95
371.43
369.02
367.87
365.33
357.47
348.99
346.94
344.85
348.49
352.13
360.76
365.25
366.16
356.75
351.46
347.50
345.32
338.26
331.15
331.29
338.71
353.66
358.42
355.56
346.10
340.31
336.10
331.65
329.00
325.09
318.16
312.38
311.89
314.72
316.96
325.67
334.96
329.01
327.43
331.20
332.47
330.23
333.21
339.06
345.64
351.34
355.97
359.72
357.70
355.12
352.22
342.94
331.88
331.83
330.97
327.00
326.01
332.26
339.20
348.33
357.13
358.24
363.39
366.11
365.91
359.19
359.87
362.39
366.76
370.81
374.45
364.83
350.25
346.92
347.91
343.28
332.35
321.78
311.50
306.96
307.90
311.50
319.06
326.04
341.27
341.99
343.46
353.13
357.13
359.72
357.92
352.55
351.25
360.06
364.47
362.91
354.14
350.02
346.55
338.64
338.44
326.49
315.81
310.46
304.77
310.80
321.42
331.85
343.64
349.50
357.82
358.98
359.66
355.73
349.22
347.63
347.90
353.64
368.40
372.35
370.18
367.21
360.14
350.57
343.35
337.89
340.41
341.44
339.36
344.94
350.57
361.23
372.29
376.42
383.86
384.01
383.24
378.91
377.35
374.80
371.10
371.97
375.11
380.20
382.15
381.90
384.14
389.13
385.09
377.16
369.01
366.32
365.81
365.39
367.25
371.19
370.77
367.92
368.01
361.69
357.17
350.43
345.41
348.33
353.37
360.22
361.95
363.98
362.17
362.97
362.68
360.71
355.61
351.28
348.29
342.12
339.24
340.05
344.12
347.30
343.75
341.77
338.72
334.06
331.68
333.98
330.76
329.41
334.62
344.03
352.33
356.01
352.43
350.93
349.27
348.15
346.32
343.99
339.98
341.38
342.56
345.09
350.70
357.95
365.31
362.27
359.86
364.32
365.96
354.30
340.84
338.05
340.88
348.41
356.04
363.52
367.28
368.11
368.31
369.21
368.32
370.41
368.91
371.98
371.02
372.95
374.43
373.17
372.57
358.91
349.66
355.59
355.05
351.47
353.41
356.85
360.30
363.46
361.63
361.70
362.58
360.38
356.93
354.47
348.32
348.79
345.09
340.43
340.87
344.38
344.94
347.56
354.09
351.19
356.83
367.78
371.95
375.53
374.55
373.46
375.03
377.66
377.88
381.87
380.98
376.34
372.64
368.72
359.86
346.67
339.82
341.64
346.05
351.53
356.62
361.95
364.99
358.41
352.82
358.50
352.67
343.12
337.84
332.69
335.34
347.26
352.45
352.37
349.78
345.15
340.62
337.93
328.11
322.71
318.24
314.90
317.55
322.42
328.11
334.14
341.15
338.86
341.04
343.78
344.71
345.26
347.80
349.74
353.87
353.02
351.26
352.72
352.40
356.30
357.85
353.78
347.99
345.39
338.87
335.98
334.07
332.01
333.65
335.37
339.66
335.66
328.68
328.76
326.80
324.00
319.76
317.09
320.41
334.51
341.32
346.98
345.71
344.96
344.67
345.58
342.80
338.07
337.62
340.43
342.93
347.04
352.25
355.13
360.85
352.88
342.37
340.03
339.51
337.58
335.60
336.66
343.72
351.82
356.76
359.90
354.17
354.22
353.52
349.72
345.95
342.72
337.70
335.37
335.17
337.80
347.06
345.12
346.89
343.24
341.74
346.62
344.68
344.37
345.74
349.63
352.54
357.09
350.35
350.96
351.55
351.25
351.41
347.12
343.54
338.71
346.59
344.97
345.41
345.24
352.46
355.24
352.20
357.62
361.96
362.02
364.68
365.77
367.81
370.50
369.61
366.58
365.38
371.67
372.71
371.67
367.66
367.74
361.57
350.47
345.11
344.34
348.89
353.13
362.59
368.60
370.74
374.22
377.72
380.64
382.81
380.89
375.45
370.22
369.25
367.65
366.95
363.87
361.02
358.08
352.15
343.53
336.17
331.64
327.86
323.95
318.52
319.70
323.32
328.65
331.84
327.70
325.10
332.99
341.80
344.03
338.90
333.12
333.70
340.00
340.09
334.93
331.58
334.64
336.13
335.33
333.07
328.25
326.34
325.17
323.41
323.84
331.42
336.65
340.80
340.48
334.56
331.71
330.52
330.53
336.49
340.36
346.28
354.73
357.83
363.48
366.11
369.71
372.04
373.90
370.71
363.99
362.07
360.46
362.03
366.10
372.28
374.51
372.05
372.38
364.41
363.42
364.64
361.86
359.45
362.79
369.87
379.83
380.11
376.54
379.23
382.49
388.17
393.68
387.01
380.33
376.04
372.14
372.75
371.23
371.21
374.98
382.95
382.47
383.34
379.44
379.08
378.40
376.68
369.84
364.19
359.75
358.95
365.91
364.76
361.29
363.06
357.23
344.65
337.27
334.92
334.38
336.37
339.35
351.99
360.83
370.58
367.79
365.00
363.56
365.77
363.87
361.62
360.55
363.60
368.19
373.32
377.82
378.52
375.40
376.24
381.18
377.63
372.36
373.98
376.76
379.33
379.43
378.67
379.68
386.76
390.84
391.75
393.36
393.02
397.32
398.26
397.40
401.74
407.24
407.93
408.03
406.14
405.11
405.90
404.10
400.64
398.56
395.15
395.67
395.21
393.33
386.58
388.43
390.48
390.71
391.01
389.88
389.58
390.86
389.80
389.23
389.94
396.40
398.07
396.43
392.41
393.65
392.85
389.09
381.79
374.85
367.27
364.29
365.86
362.71
366.34
368.50
370.48
374.09
361.55
354.74
357.61
354.20
352.37
349.54
357.59
363.90
367.65
369.95
376.24
382.15
379.14
376.83
369.39
366.77
369.54
371.07
368.19
365.88
369.21
379.98
386.14
384.45
384.99
393.17
394.08
399.28
400.30
400.54
400.83
397.58
390.48
392.41
394.02
394.00
391.03
387.12
374.55
364.09
358.49
357.17
357.23
359.03
361.94
365.17
370.78
374.84
371.76
378.89
381.72
382.19
379.91
379.08
381.62
382.73
379.78
383.79
382.87
383.00
380.68
374.32
366.79
362.29
361.01
357.02
354.64
354.00
355.77
357.72
356.99
362.18
364.21
361.56
356.38
352.06
345.50
340.28
343.21
345.35
352.23
363.67
365.67
370.98
369.92
368.66
362.01
356.50
358.65
358.32
359.86
363.95
373.80
383.21
392.29
401.06
402.58
399.55
403.35
401.69
397.25
392.97
392.40
397.43
393.69
393.17
395.11
402.48
409.05
401.28
393.52
385.87
380.42
376.54
376.65
380.53
382.62
384.76
396.22
395.86
392.69
395.50
393.10
388.75
386.69
390.61
392.98
394.91
393.38
395.41
397.48
397.73
398.14
394.67
388.74
374.64
370.59
373.15
377.45
380.55
384.62
381.48
382.69
392.84
396.33
391.93
388.88
387.70
384.73
378.91
377.46
376.54
380.99
378.30
373.88
371.37
367.88
363.19
359.34
352.72
346.70
344.50
342.37
340.27
346.95
351.57
362.23
369.62
369.20
367.55
365.48
365.45
366.19
366.17
364.68
370.98
371.17
371.31
368.06
363.63
357.39
351.55
342.94
340.77
342.00
343.52
343.77
344.37
344.86
345.48
351.92
355.24
350.75
345.57
342.42
340.38
342.85
343.94
345.86
353.56
352.29
358.95
360.34
351.45
347.95
342.70
338.13
332.30
328.37
325.97
329.28
327.71
328.46
331.00
335.76
336.33
333.00
329.02
326.48
326.35
326.58
332.25
335.70
333.89
335.63
339.48
349.49
344.13
338.23
330.91
321.20
318.88
315.07
313.88
312.32
314.07
316.06
321.15
330.66
343.92
356.99
363.01
366.09
372.17
369.99
372.08
372.12
373.24
374.26
377.47
380.71
385.71
387.46
390.24
387.71
384.42
386.43
385.04
390.13
396.22
399.70
396.42
401.04
401.03
399.81
400.55
401.97
402.03
401.15
399.78
400.24
401.92
399.03
397.86
393.38
390.55
389.22
388.67
387.67
378.66
374.32
372.29
370.41
370.68
377.55
383.20
390.15
389.37
380.95
383.80
382.22
377.01
372.55
371.51
378.61
390.04
394.31
399.77
398.66
400.87
402.28
401.69
401.49
398.31
397.18
397.11
397.49
401.06
410.74
409.42
416.59
421.83
415.71
407.63
404.57
400.37
399.11
395.88
396.49
403.26
407.15
414.73
416.93
417.07
413.10
411.19
407.78
398.72
393.31
391.28
391.38
390.18
395.61
402.06
408.75
410.13
401.76
393.97
390.67
386.65
381.00
377.87
377.87
384.96
398.18
403.40
404.66
409.64
398.97
392.44
382.25
374.27
369.26
365.21
365.18
369.07
376.56
383.09
392.67
394.08
384.07
378.06
380.76
383.14
389.15
391.27
394.50
404.97
402.66
407.04
401.88
396.97
392.41
389.16
379.33
370.00
367.59
367.10
369.21
374.59
380.26
380.88
381.93
386.51
372.49
360.61
358.52
355.35
351.91
354.74
363.75
370.79
382.71
381.75
375.66
375.02
372.62
372.71
372.37
367.49
362.65
358.41
357.19
356.72
356.94
356.18
356.86
364.43
374.23
374.48
376.02
377.16
374.71
375.35
373.24
373.88
375.78
380.05
374.33
368.65
366.29
356.44
349.10
339.92
329.54
325.25
323.58
320.42
324.74
334.73
350.95
355.66
350.23
349.73
348.68
346.98
344.26
346.09
353.53
364.66
373.30
382.92
389.25
393.71
400.25
407.67
401.77
392.37
390.44
390.87
394.32
398.89
402.55
405.79
413.20
410.34
403.28
402.23
403.61
398.68
397.56
394.37
392.38
397.31
395.09
395.55
392.09
388.37
387.74
390.72
387.90
374.21
370.32
370.92
374.96
377.97
382.34
386.48
393.89
398.48
397.40
398.45
397.76
395.88
397.45
394.69
394.94
403.12
404.41
406.09
406.46
410.06
412.25
413.02
409.36
404.69
400.10
397.65
398.68
399.30
400.66
397.25
401.54
407.04
408.92
408.55
406.56
402.34
404.93
407.93
408.28
406.80
401.53
403.81
402.37
400.76
401.33
399.80
393.41
390.05
387.22
384.62
383.86
386.77
389.03
382.14
385.00
391.84
400.03
403.84
399.95
393.83
390.29
387.63
388.97
392.32
391.53
389.95
386.74
383.20
379.17
376.47
373.86
368.52
364.24
361.71
363.99
365.15
367.13
372.57
374.18
372.70
376.77
378.62
373.06
370.93
371.92
374.15
376.36
375.74
375.54
378.62
382.21
381.93
379.91
377.28
374.17
366.99
360.57
360.68
360.15
358.19
357.02
358.20
358.31
356.09
353.61
353.23
351.30
348.49
347.62
342.32
339.73
341.09
335.95
330.46
324.60
323.43
330.40
329.36
326.91
326.50
325.29
324.41
322.66
325.11
324.90
325.11
326.14
325.16
320.14
317.61
315.43
313.69
313.87
313.15
314.22
312.85
310.43
308.71
310.93
314.02
316.50
318.44
317.81
319.18
320.41
323.55
327.87
331.13
336.27
343.65
348.88
354.80
360.07
362.14
361.57
355.95
353.87
359.47
360.03
360.43
362.12
365.37
365.41
363.83
366.39
365.84
365.65
363.60
361.29
359.20
358.24
358.49
356.78
353.58
356.26
359.08
360.17
365.54
370.92
372.84
372.67
370.66
365.93
362.41
357.88
361.16
364.80
366.43
366.64
368.28
367.25
367.95
366.93
364.00
364.42
368.35
370.72
370.81
372.71
373.57
373.33
379.77
381.59
375.73
372.33
370.44
369.06
365.53
365.12
367.87
371.63
373.65
373.40
375.23
371.14
368.74
362.78
359.87
359.97
361.61
362.44
363.40
362.24
366.07
368.73
371.33
367.77
368.66
368.41
374.73
381.36
383.11
380.78
378.50
381.92
384.73
382.16
377.63
375.43
368.52
366.28
368.91
369.05
370.51
373.41
373.04
377.71
377.31
369.67
370.78
369.47
366.67
364.12
360.55
356.36
360.59
365.10
374.68
375.69
371.37
374.56
373.93
369.31
365.20
361.29
361.45
354.94
353.11
356.17
360.14
365.17
364.12
359.20
359.77
361.08
362.58
359.49
355.15
352.50
354.97
360.76
366.74
